species,latitude,longitude,presence,wc2,wc2.1,wc2.2,wc2.3,wc2.4,wc2.5,wc2.6,wc2.7,wc2.8,wc2.9,wc2.10,wc2.11,wc2.12,wc2.13,wc2.14,wc2.15,wc2.16,wc2.17,wc2.18,wc2.19
Buceros bicornis,29.548957,78.957214,1,23.200000762939453,29.600000381469727,14.93333339691162,1696.0,486.0,8.0,118.0435562133789,1184.0,90.0,708.0,127.0,11.483333587646484,38.926551818847656,607.2628173828125,37.5,8.0,29.5,27.333332061767575,15.666666984558104,448.0
Buceros bicornis,18.202559,73.576586,1,23.81666755676269,26.75,21.51666641235352,2691.0,1184.0,0.0,161.58958435058594,2186.0,3.0,68.0,7.0,10.68333339691162,52.88779067993164,214.7020568847656,34.0,13.800000190734863,20.200000762939453,23.733333587646484,22.91666603088379,662.0
Buceros bicornis,14.264563,101.536223,1,24.75,26.399999618530277,22.333332061767575,1234.0,249.0,2.0,77.02885437011719,604.0,29.0,380.0,44.0,9.633333206176758,59.46502685546875,167.07374572753906,32.099998474121094,15.899999618530272,16.19999885559082,25.16666603088379,22.549999237060547,492.0
Buceros bicornis,14.344355,101.557511,1,22.587499618530277,24.36666679382324,19.96666717529297,1135.0,231.0,1.0,75.6965103149414,545.0,28.0,361.0,41.0,9.675000190734863,58.28313064575195,180.2665557861328,30.0,13.399999618530272,16.600000381469727,23.03333282470703,20.233333587646484,927.0
Buceros bicornis,14.281547,101.488699,1,24.879165649414062,26.549999237060547,22.433332443237305,1242.0,251.0,3.0,77.32916259765625,612.0,29.0,379.0,46.0,9.574999809265137,59.47205352783203,169.1080780029297,32.099998474121094,16.0,16.099998474121094,25.333332061767575,22.63333320617676,440.0
Buceros bicornis,12.823753,99.683943,1,27.549999237060547,29.08333396911621,25.86666679382324,809.0,193.0,5.0,83.27796173095703,428.0,19.0,159.0,94.0,8.666666984558105,62.80192947387695,125.950927734375,34.20000076293945,20.399999618530277,13.80000114440918,27.41666603088379,26.200000762939453,60.0
Buceros bicornis,12.829215,99.690451,1,27.4375,28.96666717529297,25.76666641235352,802.0,193.0,5.0,84.04437255859375,426.0,17.0,159.0,92.0,8.641667366027832,62.62078094482422,125.42880249023438,34.099998474121094,20.299999237060547,13.799999237060549,27.299999237060547,26.100000381469727,86.0
Buceros bicornis,12.90493,99.641733,1,27.170833587646484,28.61666679382324,25.61666679382324,789.0,191.0,4.0,85.99000549316406,426.0,14.0,151.0,87.0,7.941667079925537,62.04426956176758,118.2535629272461,33.400001525878906,20.600000381469727,12.80000114440918,27.049999237060547,25.86666679382324,65.0
Buceros bicornis,11.554635,103.126859,1,26.92916679382324,28.16666603088379,25.933332443237305,3650.0,779.0,10.0,98.13825988769533,2198.0,62.0,533.0,111.0,7.875,64.5491714477539,89.14895629882812,33.0,20.799999237060547,12.200000762939451,26.950000762939453,25.96666717529297,98.0
Buceros bicornis,14.55533,101.22664,1,24.995832443237305,26.88333320617676,22.28333282470703,1148.0,240.0,2.0,78.18431854248047,574.0,28.0,349.0,43.0,10.091666221618652,57.66666793823242,187.0155487060547,32.79999923706055,15.300000190734863,17.5,25.33333396911621,22.61666679382324,458.0
Buceros bicornis,14.402063,101.34581,1,23.375,25.183334350585938,20.733333587646484,1134.0,235.0,2.0,76.82091522216797,556.0,28.0,352.0,43.0,9.81666660308838,58.08678436279297,182.8126373291016,30.799999237060547,13.899999618530272,16.899999618530273,23.86666679382324,20.950000762939453,740.0
Buceros bicornis,14.213423,101.518709,1,25.587499618530277,27.21666717529297,23.299999237060547,1288.0,259.0,3.0,78.0843276977539,636.0,29.0,390.0,46.0,9.658332824707031,60.74422836303711,159.7458953857422,32.900001525878906,17.0,15.900001525878906,25.91666603088379,23.51666641235352,347.0
Buceros bicornis,12.877595,99.253282,1,24.850000381469727,26.299999237060547,23.46666717529297,1117.0,208.0,4.0,77.56160736083984,562.0,20.0,210.0,76.0,8.0,62.499996185302734,111.82373809814452,31.200000762939453,18.399999618530277,12.80000114440918,24.78333282470703,23.549999237060547,431.0
Buceros bicornis,12.917564,99.424567,1,25.4375,26.86666679382324,23.950000762939453,912.0,190.0,5.0,79.4594497680664,475.0,18.0,184.0,79.0,8.191666603088379,62.53181076049805,114.02001953125,31.799999237060547,18.700000762939453,13.099998474121094,25.33333396911621,24.16666603088379,390.0
Buceros bicornis,12.977272,99.759797,1,27.84166717529297,29.36666679382324,26.200000762939453,837.0,200.0,5.0,84.8936767578125,444.0,17.0,155.0,94.0,8.683334350585938,62.470027923583984,124.2583999633789,34.5,20.600000381469727,13.899999618530272,27.66666603088379,26.56666755676269,39.0
Buceros bicornis,11.496059,103.023903,1,27.450000762939453,28.733333587646484,26.433334350585938,3846.0,870.0,7.0,101.82256317138672,2380.0,58.0,541.0,106.0,7.349999904632568,62.82051849365234,92.2200927734375,33.29999923706055,21.600000381469727,11.69999885559082,27.483333587646484,26.46666717529297,3.0
Buceros bicornis,11.448756,103.133372,1,27.433332443237305,28.683332443237305,26.450000762939453,3610.0,810.0,6.0,100.10186767578124,2197.0,52.0,530.0,106.0,7.75,64.0495834350586,89.55274963378906,33.5,21.399999618530277,12.100000381469728,27.450000762939453,26.46666717529297,8.0
Buceros bicornis,18.165293,73.181384,1,26.120832443237305,28.433332443237305,24.13333320617676,4218.0,1642.0,0.0,157.05221557617188,3572.0,1.0,818.0,6.0,8.591667175292969,54.72399139404297,169.3363800048828,33.5,17.799999237060547,15.700000762939451,26.25,24.933332443237305,217.0
Buceros bicornis,11.537924,103.050163,1,27.504165649414062,28.733333587646484,26.51666641235352,3847.0,850.0,10.0,100.57180786132812,2366.0,65.0,543.0,112.0,7.7916669845581055,64.39393615722656,88.8936538696289,33.5,21.399999618530277,12.100000381469728,27.549999237060547,26.566665649414062,4.0
Buceros bicornis,26.75168,93.375077,1,24.0625,28.28333282470703,18.01666641235352,2364.0,440.0,11.0,85.31590270996094,1231.0,61.0,1231.0,61.0,9.841667175292969,45.353302001953125,423.5624084472656,31.899999618530277,10.199999809265137,21.700000762939453,28.28333282470703,18.01666641235352,70.0
Buceros bicornis,26.65735,93.313553,1,24.075000762939453,28.63333320617676,17.666667938232422,2227.0,418.0,11.0,85.12523651123047,1161.0,56.0,1161.0,56.0,9.966667175292969,44.10029220581055,450.83001708984375,32.400001525878906,9.800000190734863,22.60000228881836,28.63333320617676,17.666667938232422,82.0
Buceros bicornis,12.728718,99.562406,1,25.97916603088379,27.41666603088379,24.433334350585938,863.0,192.0,6.0,78.91584777832031,449.0,21.0,184.0,89.0,8.175000190734863,63.37209701538086,117.15292358398438,32.29999923706055,19.399999618530277,12.899999618530272,25.88333320617676,24.66666603088379,321.0
Buceros bicornis,26.963412,90.479306,1,21.70416641235352,25.61666679382324,16.450000762939453,3477.0,956.0,11.0,109.44221496582033,2278.0,45.0,2278.0,66.0,8.408332824707031,44.72517395019531,380.6063232421875,29.5,10.699999809265137,18.799999237060547,25.61666679382324,17.233333587646484,723.0
Buceros bicornis,15.165658,98.692113,1,21.20416641235352,22.96666717529297,19.450000762939453,1860.0,318.0,4.0,83.35440063476562,921.0,26.0,387.0,52.0,10.841667175292969,59.56959915161133,138.2760467529297,30.0,11.800000190734863,18.200000762939453,21.26666641235352,19.549999237060547,1352.0
Buceros bicornis,12.808411,99.501226,1,25.3125,26.71666717529297,23.799999237060547,922.0,195.0,6.0,77.77932739257812,476.0,21.0,194.0,85.0,7.9583330154418945,63.16137313842773,114.23908233642578,31.5,18.899999618530277,12.600000381469728,25.233333587646484,24.03333282470703,429.0
Buceros bicornis,12.808436,99.501206,1,25.3125,26.71666717529297,23.799999237060547,922.0,195.0,6.0,77.77932739257812,476.0,21.0,194.0,85.0,7.9583330154418945,63.16137313842773,114.23908233642578,31.5,18.899999618530277,12.600000381469728,25.233333587646484,24.03333282470703,429.0
Buceros bicornis,12.820639,99.370902,1,23.11666679382324,24.5,21.75,1346.0,236.0,9.0,72.34364318847656,642.0,34.0,278.0,93.0,8.166666030883789,63.3074951171875,106.96926879882812,29.399999618530277,16.5,12.899999618530272,23.0,21.933332443237305,886.0
Buceros bicornis,12.825067,99.365262,1,23.170833587646484,24.56666755676269,21.799999237060547,1341.0,236.0,8.0,72.8344955444336,641.0,32.0,276.0,90.0,8.258333206176758,63.52564239501953,107.7551727294922,29.5,16.5,13.0,23.049999237060547,21.983333587646484,877.0
Buceros bicornis,12.825067,99.365262,1,23.170833587646484,24.56666755676269,21.799999237060547,1341.0,236.0,8.0,72.8344955444336,641.0,32.0,276.0,90.0,8.258333206176758,63.52564239501953,107.7551727294922,29.5,16.5,13.0,23.049999237060547,21.983333587646484,877.0
Buceros bicornis,8.996785,98.469606,1,26.337499618530277,27.28333282470703,25.61666679382324,3057.0,498.0,27.0,69.8064193725586,1384.0,112.0,603.0,298.0,8.841666221618652,71.88346099853516,67.25543212890625,32.70000076293945,20.399999618530277,12.30000114440918,26.200000762939453,25.816665649414062,157.0
Buceros bicornis,8.995806,98.465018,1,26.55000114440918,27.483333587646484,25.850000381469727,3091.0,505.0,28.0,70.103515625,1403.0,113.0,608.0,300.0,8.883333206176758,72.22222137451172,66.22965240478516,32.900001525878906,20.600000381469727,12.30000114440918,26.399999618530277,26.05000114440918,119.0
Buceros bicornis,12.813269,99.515625,1,25.100000381469727,26.5,23.600000381469727,951.0,197.0,6.0,76.8667984008789,487.0,22.0,202.0,85.0,7.96666669845581,63.22751998901367,113.91783142089844,31.299999237060547,18.700000762939453,12.599998474121094,25.01666641235352,23.81666755676269,485.0
Buceros bicornis,14.440032,101.370369,1,23.34166717529297,25.200000762939453,20.61666679382324,1124.0,233.0,2.0,76.8911361694336,551.0,28.0,350.0,42.0,9.866666793823242,57.36434173583984,187.86883544921875,30.899999618530277,13.699999809265137,17.200000762939453,23.83333396911621,20.86666679382324,754.0
Buceros bicornis,14.263788,101.7034,1,24.475000381469727,26.16666603088379,21.96666717529297,1207.0,242.0,2.0,76.54805755615234,585.0,28.0,375.0,43.0,9.31666660308838,58.96623992919922,172.14553833007812,31.700000762939453,15.899999618530272,15.80000114440918,24.91666603088379,22.233333587646484,540.0
Buceros bicornis,12.806916,99.498747,1,25.56666755676269,26.983333587646484,24.03333282470703,889.0,191.0,6.0,78.40670013427734,462.0,21.0,184.0,85.0,7.96666669845581,63.22751235961914,116.05902862548828,31.700000762939453,19.100000381469727,12.600000381469728,25.5,24.233333587646484,361.0
Buceros bicornis,12.809153,99.50279,1,25.3125,26.71666717529297,23.799999237060547,922.0,195.0,6.0,77.77932739257812,476.0,21.0,194.0,85.0,7.9583330154418945,63.16137313842773,114.23908233642578,31.5,18.899999618530277,12.600000381469728,25.233333587646484,24.03333282470703,429.0
Buceros bicornis,12.808167,99.500946,1,25.237499237060547,26.63333320617676,23.71666717529297,932.0,195.0,6.0,77.11080932617188,479.0,22.0,196.0,85.0,7.974999904632568,63.29364776611328,114.17938232421876,31.399999618530277,18.799999237060547,12.600000381469728,25.183332443237305,23.933332443237305,445.0
Buceros bicornis,12.824914,99.365517,1,23.15416717529297,24.549999237060547,21.78333282470703,1346.0,236.0,9.0,72.49557495117188,642.0,34.0,277.0,92.0,8.241666793823242,63.39743423461914,107.41717529296876,29.5,16.5,13.0,23.03333282470703,21.96666717529297,880.0
Buceros bicornis,29.436028,78.959255,1,23.82916641235352,30.28333282470703,15.466667175292969,1619.0,471.0,7.0,121.3557357788086,1155.0,81.0,670.0,114.0,11.925000190734863,39.22697448730469,612.8860473632812,38.5,8.100000381469727,30.399999618530277,27.933334350585938,16.200000762939453,355.0
Buceros bicornis,26.648499,93.364956,1,24.09583282470703,28.649999618530277,17.683332443237305,2207.0,412.0,11.0,84.35049438476562,1139.0,57.0,1139.0,57.0,10.041666984558104,44.4321517944336,450.9457702636719,32.400001525878906,9.800000190734863,22.60000228881836,28.649999618530277,17.683332443237305,77.0
Buceros bicornis,26.634504,93.357721,1,24.112499237060547,28.649999618530277,17.71666717529297,2195.0,410.0,11.0,84.24315643310547,1132.0,57.0,1132.0,57.0,10.05833339691162,44.505897521972656,449.6014709472656,32.400001525878906,9.800000190734863,22.60000228881836,28.649999618530277,17.71666717529297,76.0
Buceros bicornis,26.648103,93.365219,1,24.09583282470703,28.649999618530277,17.683332443237305,2207.0,412.0,11.0,84.35049438476562,1139.0,57.0,1139.0,57.0,10.041666984558104,44.4321517944336,450.9457702636719,32.400001525878906,9.800000190734863,22.60000228881836,28.649999618530277,17.683332443237305,77.0
Buceros bicornis,14.514865,101.373041,1,24.85416603088379,26.816665649414062,21.950000762939453,1180.0,243.0,4.0,77.20455169677734,586.0,30.0,357.0,48.0,10.008333206176758,56.865535736083984,198.9798583984375,32.599998474121094,15.0,17.599998474121094,25.299999237060547,22.28333282470703,432.0
Buceros bicornis,12.809052,99.502708,1,25.3125,26.71666717529297,23.799999237060547,922.0,195.0,6.0,77.77932739257812,476.0,21.0,194.0,85.0,7.9583330154418945,63.16137313842773,114.23908233642578,31.5,18.899999618530277,12.600000381469728,25.233333587646484,24.03333282470703,429.0
Buceros bicornis,12.816312,99.38588,1,23.674999237060547,25.08333396911621,22.25,1240.0,220.0,8.0,72.9068603515625,602.0,30.0,255.0,91.0,8.083333015441895,62.6614990234375,110.4638900756836,30.0,17.100000381469727,12.899999618530272,23.58333396911621,22.450000762939453,757.0
Buceros bicornis,12.805017,99.410454,1,24.39166641235352,25.799999237060547,22.96666717529297,1116.0,206.0,7.0,73.75592041015625,553.0,27.0,230.0,89.0,8.100000381469727,63.281246185302734,110.34725952148438,30.700000762939453,17.899999618530273,12.80000114440918,24.28333282470703,23.183332443237305,615.0
Buceros bicornis,14.465166,101.364967,1,23.21666717529297,25.100000381469727,20.46666717529297,1109.0,231.0,2.0,76.82421112060547,542.0,28.0,347.0,42.0,9.833333015441896,57.17054748535156,189.80052185058597,30.799999237060547,13.600000381469728,17.19999885559082,23.66666603088379,20.733333587646484,788.0
Buceros bicornis,14.435549,101.363739,1,23.120832443237305,24.96666717529297,20.416667938232425,1117.0,232.0,2.0,76.72554016113281,545.0,28.0,350.0,42.0,9.891666412353516,57.50968933105469,186.5409698486328,30.700000762939453,13.5,17.200000762939453,23.600000381469727,20.66666603088379,806.0
Buceros bicornis,26.648499,93.364956,1,24.09583282470703,28.649999618530277,17.683332443237305,2207.0,412.0,11.0,84.35049438476562,1139.0,57.0,1139.0,57.0,10.041666984558104,44.4321517944336,450.9457702636719,32.400001525878906,9.800000190734863,22.60000228881836,28.649999618530277,17.683332443237305,77.0
Buceros bicornis,26.648103,93.365219,1,24.09583282470703,28.649999618530277,17.683332443237305,2207.0,412.0,11.0,84.35049438476562,1139.0,57.0,1139.0,57.0,10.041666984558104,44.4321517944336,450.9457702636719,32.400001525878906,9.800000190734863,22.60000228881836,28.649999618530277,17.683332443237305,77.0
Buceros bicornis,26.647568,93.365692,1,24.09583282470703,28.649999618530277,17.683332443237305,2207.0,412.0,11.0,84.35049438476562,1139.0,57.0,1139.0,57.0,10.041666984558104,44.4321517944336,450.9457702636719,32.400001525878906,9.800000190734863,22.60000228881836,28.649999618530277,17.683332443237305,77.0
Buceros bicornis,26.647661,93.365532,1,24.09583282470703,28.649999618530277,17.683332443237305,2207.0,412.0,11.0,84.35049438476562,1139.0,57.0,1139.0,57.0,10.041666984558104,44.4321517944336,450.9457702636719,32.400001525878906,9.800000190734863,22.60000228881836,28.649999618530277,17.683332443237305,77.0
Buceros bicornis,12.804561,99.400232,1,24.295833587646484,25.700000762939453,22.86666679382324,1129.0,206.0,7.0,73.7103500366211,558.0,27.0,232.0,89.0,8.058333396911621,62.95572662353516,110.23648834228516,30.600000381469727,17.799999237060547,12.80000114440918,24.200000762939453,23.08333396911621,627.0
Buceros bicornis,12.804561,99.400232,1,24.295833587646484,25.700000762939453,22.86666679382324,1129.0,206.0,7.0,73.7103500366211,558.0,27.0,232.0,89.0,8.058333396911621,62.95572662353516,110.23648834228516,30.600000381469727,17.799999237060547,12.80000114440918,24.200000762939453,23.08333396911621,627.0
Buceros bicornis,14.438294,101.372195,1,23.34166717529297,25.200000762939453,20.61666679382324,1124.0,233.0,2.0,76.8911361694336,551.0,28.0,350.0,42.0,9.866666793823242,57.36434173583984,187.86883544921875,30.899999618530277,13.699999809265137,17.200000762939453,23.83333396911621,20.86666679382324,754.0
Buceros bicornis,14.438294,101.372195,1,23.34166717529297,25.200000762939453,20.61666679382324,1124.0,233.0,2.0,76.8911361694336,551.0,28.0,350.0,42.0,9.866666793823242,57.36434173583984,187.86883544921875,30.899999618530277,13.699999809265137,17.200000762939453,23.83333396911621,20.86666679382324,754.0
Buceros bicornis,9.056214,98.431082,1,27.149999618530277,28.08333396911621,26.46666717529297,3191.0,523.0,28.0,71.06745147705078,1457.0,115.0,619.0,681.0,9.09999942779541,72.22222137451172,66.19530487060547,33.70000076293945,21.100000381469727,12.600000381469728,26.950000762939453,26.733333587646484,33.0
Buceros bicornis,12.828481,99.36295,1,23.170833587646484,24.56666755676269,21.799999237060547,1341.0,236.0,8.0,72.8344955444336,641.0,32.0,276.0,90.0,8.258333206176758,63.52564239501953,107.7551727294922,29.5,16.5,13.0,23.049999237060547,21.983333587646484,877.0
Buceros bicornis,12.825501,99.364445,1,23.170833587646484,24.56666755676269,21.799999237060547,1341.0,236.0,8.0,72.8344955444336,641.0,32.0,276.0,90.0,8.258333206176758,63.52564239501953,107.7551727294922,29.5,16.5,13.0,23.049999237060547,21.983333587646484,877.0
Buceros bicornis,5.259006,103.035163,1,26.47083282470703,27.433334350585938,25.21666717529297,2999.0,681.0,114.0,75.40753173828125,1576.0,369.0,402.0,1023.0,7.308333396911621,74.57483673095703,88.27791595458984,31.899999618530277,22.100000381469727,9.799999237060549,25.950000762939453,26.38333320617676,10.0
Buceros bicornis,5.369993,103.11233,1,26.86666679382324,27.700000762939453,25.850000381469727,2777.0,638.0,93.0,84.5958023071289,1568.0,330.0,361.0,896.0,7.399999618530273,77.8947525024414,74.35581970214844,32.099998474121094,22.600000381469727,9.499998092651367,26.36666679382324,26.86666679382324,8.0
Buceros bicornis,11.56625,103.006871,1,27.53333282470703,28.78333282470703,26.56666755676269,3973.0,867.0,11.0,100.92306518554688,2455.0,67.0,549.0,113.0,7.700000286102295,64.16667175292969,88.81372833251953,33.5,21.5,12.0,27.549999237060547,26.600000381469727,5.0
Buceros bicornis,12.814689,99.244168,1,23.65833282470703,25.01666641235352,22.399999618530277,1379.0,243.0,6.0,75.75374603271484,663.0,27.0,265.0,83.0,8.050000190734863,63.38582992553711,103.08497619628906,29.899999618530277,17.200000762939453,12.69999885559082,23.58333396911621,22.483333587646484,694.0
Buceros bicornis,24.434933,97.491508,1,21.97083282470703,25.5,16.233333587646484,1693.0,378.0,9.0,97.9320297241211,1042.0,37.0,1042.0,37.0,10.425000190734863,47.3863639831543,394.5103759765625,30.299999237060547,8.300000190734863,22.0,25.5,16.233333587646484,600.0
Buceros bicornis,12.827485,99.265312,1,24.00416755676269,25.41666603088379,22.66666603088379,1287.0,231.0,5.0,76.16436004638672,629.0,24.0,247.0,79.0,8.058333396911621,62.95573043823242,108.09210205078124,30.299999237060547,17.5,12.799999237060549,23.933334350585938,22.76666641235352,625.0
Buceros bicornis,12.807857,99.265062,1,24.08333396911621,25.46666717529297,22.799999237060547,1277.0,229.0,5.0,75.90919494628906,624.0,24.0,245.0,80.0,8.0,63.492069244384766,104.99639892578124,30.299999237060547,17.700000762939453,12.599998474121094,24.0,22.88333320617676,596.0
Buceros bicornis,12.834666,99.474252,1,25.22916603088379,26.63333320617676,23.733333587646484,941.0,194.0,6.0,77.46028900146484,484.0,21.0,195.0,83.0,8.208333015441895,63.6304931640625,113.6273422241211,31.5,18.600000381469727,12.899999618530272,25.13333320617676,23.950000762939453,447.0
Buceros bicornis,12.983238,99.316616,1,25.600000381469727,27.083332061767575,24.13333320617676,910.0,186.0,3.0,81.5254135131836,477.0,15.0,172.0,74.0,8.166666030883789,61.868690490722656,115.62085723876952,32.099998474121094,18.899999618530277,13.19999885559082,25.51666641235352,24.299999237060547,301.0
Buceros bicornis,12.892358,99.370386,1,22.858333587646484,24.26666641235352,21.46666717529297,1387.0,244.0,8.0,72.79074096679688,657.0,33.0,290.0,89.0,8.333333015441895,63.61323547363281,108.2470474243164,29.299999237060547,16.200000762939453,13.099998474121094,22.733333587646484,21.700000762939453,980.0
Buceros bicornis,27.472195,84.583392,1,21.899999618530277,26.51666641235352,14.833333015441896,1816.0,455.0,9.0,111.7847900390625,1202.0,41.0,894.0,51.0,10.533332824707031,43.70677947998047,493.3097839355469,32.099998474121094,8.0,24.099998474121094,26.41666603088379,15.800000190734863,622.0
Buceros bicornis,5.135448,102.961962,1,26.36666679382324,27.316665649414062,25.100000381469727,3233.0,698.0,128.0,65.67202758789062,1561.0,407.0,469.0,1113.0,7.499999523162842,74.99999237060547,87.8359375,31.899999618530277,21.899999618530277,10.0,25.899999618530277,26.28333282470703,29.0
Buceros bicornis,12.899902,99.412773,1,24.80416679382324,26.233333587646484,23.316665649414062,1024.0,199.0,6.0,76.40052795410156,518.0,22.0,209.0,82.0,8.225000381469727,62.786258697509766,113.8271942138672,31.200000762939453,18.100000381469727,13.100000381469728,24.700000762939453,23.549999237060547,529.0
Buceros bicornis,12.972146,99.44789,1,25.850000381469727,27.299999237060547,24.299999237060547,858.0,189.0,4.0,82.34063720703125,454.0,15.0,172.0,78.0,8.350000381469727,62.781959533691406,117.08582305908205,32.29999923706055,19.0,13.299999237060549,25.78333282470703,24.549999237060547,336.0
Buceros bicornis,13.388423,101.740697,1,27.13333320617676,28.433332443237305,25.5,1496.0,277.0,4.0,75.836181640625,692.0,38.0,352.0,56.0,9.083333015441896,63.519805908203125,117.36371612548828,33.70000076293945,19.399999618530277,14.30000114440918,27.083332061767575,25.899999618530277,111.0
Buceros bicornis,24.448563,97.719772,1,18.40416717529297,22.433334350585938,12.383333206176758,1671.0,361.0,10.0,92.43354034423828,981.0,42.0,981.0,42.0,10.725000381469728,47.455753326416016,420.6080932617188,26.799999237060547,4.199999809265137,22.599998474121094,22.433334350585938,12.383333206176758,1221.0
Buceros bicornis,15.864199,74.052114,1,22.81666755676269,25.25,21.66666603088379,4552.0,2015.0,1.0,166.4958038330078,3924.0,12.0,138.0,3510.0,9.616666793823242,56.568626403808594,157.8309326171875,31.600000381469727,14.600000381469728,17.0,21.933332443237305,22.75,820.0
Buceros bicornis,12.839283,99.545524,1,25.629165649414062,27.03333282470703,24.13333320617676,896.0,194.0,5.0,78.94261169433594,464.0,19.0,190.0,83.0,8.241666793823242,63.88888931274414,113.52729034423828,31.899999618530277,19.0,12.899999618530272,25.51666641235352,24.38333320617676,425.0
Buceros bicornis,27.549897,84.320392,1,24.32083320617676,29.03333282470703,16.950000762939453,1927.0,531.0,5.0,122.38028717041016,1355.0,31.0,965.0,37.0,11.641666412353516,44.77564239501953,510.5587768554688,35.599998474121094,9.600000381469728,25.999998092651367,28.700000762939453,17.83333396911621,187.0
Buceros bicornis,11.950825,75.929221,1,20.712499618530277,22.816665649414062,19.700000762939453,2868.0,969.0,3.0,125.03143310546876,2052.0,30.0,254.0,1825.0,8.058333396911621,58.39371871948242,137.0156707763672,28.100000381469727,14.300000190734863,13.800000190734863,19.71666717529297,21.0,1097.0
Buceros bicornis,29.500847,78.816488,1,22.700000762939453,29.05000114440918,14.483333587646484,1734.0,506.0,8.0,119.93597412109376,1229.0,90.0,729.0,125.0,11.533332824707031,39.09604263305664,601.9664916992188,36.900001525878906,7.400000095367432,29.500001907348636,26.83333396911621,15.266667366027832,582.0
Buceros bicornis,29.54808,78.929624,1,22.79166603088379,29.13333320617676,14.616666793823242,1730.0,496.0,8.0,117.27420043945312,1203.0,93.0,727.0,131.0,11.399999618530272,38.9078483581543,600.8585815429688,37.0,7.699999809265137,29.299999237060547,26.899999618530277,15.34999942779541,546.0
Buceros bicornis,26.884804,91.910678,1,22.86666679382324,26.88333320617676,17.566667556762695,2798.0,623.0,7.0,97.39937591552734,1680.0,42.0,1424.0,52.0,8.84999942779541,46.093746185302734,378.9119262695313,30.700000762939453,11.5,19.200000762939453,26.78333282470703,18.53333282470703,341.0
Buceros bicornis,26.94467,91.528747,1,16.899999618530273,21.433334350585938,11.233333587646484,2020.0,513.0,10.0,94.74397277832033,1207.0,46.0,1207.0,61.0,8.366666793823242,43.12714767456055,416.4732971191406,25.5,6.099999904632568,19.399999618530277,21.433334350585938,12.300000190734863,1688.0
Buceros bicornis,29.483619,78.929144,1,23.112499237060547,29.549999237060547,14.783333778381348,1690.0,489.0,7.0,119.38178253173828,1191.0,87.0,708.0,123.0,11.675000190734863,39.04682159423828,611.6376342773438,37.5,7.599999904632568,29.899999618530277,27.299999237060547,15.516666412353516,467.0
Buceros bicornis,29.409118,79.147657,1,23.71666717529297,30.06666755676269,15.449999809265137,1741.0,510.0,6.0,121.40851593017578,1236.0,82.0,740.0,117.0,11.916666984558104,39.59025573730469,605.6113891601562,38.29999923706055,8.199999809265137,30.099998474121094,27.78333282470703,16.183332443237305,396.0
Buceros bicornis,12.81435,99.508888,1,25.100000381469727,26.5,23.600000381469727,951.0,197.0,6.0,76.8667984008789,487.0,22.0,202.0,85.0,7.96666669845581,63.22751998901367,113.91783142089844,31.299999237060547,18.700000762939453,12.599998474121094,25.01666641235352,23.81666755676269,485.0
Buceros bicornis,12.81434,99.508904,1,25.100000381469727,26.5,23.600000381469727,951.0,197.0,6.0,76.8667984008789,487.0,22.0,202.0,85.0,7.96666669845581,63.22751998901367,113.91783142089844,31.299999237060547,18.700000762939453,12.599998474121094,25.01666641235352,23.81666755676269,485.0
Buceros bicornis,29.418434,78.949234,1,23.94166755676269,30.483333587646484,15.466667175292969,1580.0,462.0,7.0,122.23837280273438,1134.0,78.0,651.0,109.0,12.100000381469728,39.41368103027344,621.1347045898438,38.70000076293945,8.0,30.700000762939453,28.11666679382324,16.200000762939453,327.0
Buceros bicornis,12.804561,99.400232,1,24.295833587646484,25.700000762939453,22.86666679382324,1129.0,206.0,7.0,73.7103500366211,558.0,27.0,232.0,89.0,8.058333396911621,62.95572662353516,110.23648834228516,30.600000381469727,17.799999237060547,12.80000114440918,24.200000762939453,23.08333396911621,627.0
Buceros bicornis,14.453881,101.359707,1,23.31666755676269,25.200000762939453,20.56666755676269,1115.0,233.0,2.0,77.04385375976562,547.0,28.0,347.0,42.0,9.833333015441896,57.1705436706543,190.00396728515625,30.899999618530277,13.699999809265137,17.200000762939453,23.78333282470703,20.81666755676269,757.0
Buceros bicornis,14.438294,101.372195,1,23.34166717529297,25.200000762939453,20.61666679382324,1124.0,233.0,2.0,76.8911361694336,551.0,28.0,350.0,42.0,9.866666793823242,57.36434173583984,187.86883544921875,30.899999618530277,13.699999809265137,17.200000762939453,23.83333396911621,20.86666679382324,754.0
Buceros bicornis,29.418354,78.949341,1,23.94166755676269,30.483333587646484,15.466667175292969,1580.0,462.0,7.0,122.23837280273438,1134.0,78.0,651.0,109.0,12.100000381469728,39.41368103027344,621.1347045898438,38.70000076293945,8.0,30.700000762939453,28.11666679382324,16.200000762939453,327.0
Buceros bicornis,12.816015,99.372032,1,22.88333320617676,24.26666641235352,21.53333282470703,1386.0,241.0,9.0,72.09696197509766,656.0,35.0,287.0,94.0,8.199999809265137,63.56588363647461,106.05174255371094,29.200000762939453,16.299999237060547,12.900001525878906,22.76666641235352,21.733333587646484,944.0
Buceros bicornis,14.464343,101.370575,1,23.17916679382324,25.01666641235352,20.450000762939453,1109.0,231.0,2.0,76.98946380615234,543.0,27.0,346.0,41.0,9.858333587646484,57.315895080566406,187.37974548339844,30.799999237060547,13.600000381469728,17.19999885559082,23.649999618530277,20.733333587646484,806.0
Buceros bicornis,14.434919,101.414638,1,23.649999618530277,25.53333282470703,20.88333320617676,1137.0,235.0,2.0,76.86792755126953,559.0,28.0,352.0,43.0,9.883333206176758,57.461238861083984,190.7759246826172,31.200000762939453,14.0,17.200000762939453,24.13333320617676,21.13333320617676,673.0
Buceros bicornis,29.447433,78.876602,1,23.941665649414062,30.51666641235352,15.43333339691162,1557.0,457.0,7.0,122.3770751953125,1119.0,78.0,640.0,110.0,12.166666030883787,39.374324798583984,623.4574584960938,38.79999923706055,7.900000095367432,30.899999618530277,28.11666679382324,16.200000762939453,319.0
Buceros bicornis,29.438272,78.935715,1,23.887500762939453,30.38333320617676,15.483333587646484,1598.0,466.0,7.0,121.68022918701172,1143.0,80.0,660.0,112.0,12.024999618530272,39.426231384277344,616.6261596679688,38.59999847412109,8.100000381469727,30.499998092651367,28.0,16.21666717529297,344.0
Buceros bicornis,29.418419,78.94915,1,23.94166755676269,30.483333587646484,15.466667175292969,1580.0,462.0,7.0,122.23837280273438,1134.0,78.0,651.0,109.0,12.100000381469728,39.41368103027344,621.1347045898438,38.70000076293945,8.0,30.700000762939453,28.11666679382324,16.200000762939453,327.0
Buceros bicornis,29.435583,78.955444,1,23.875,30.349998474121094,15.483333587646484,1608.0,469.0,7.0,121.63043975830078,1149.0,80.0,666.0,113.0,11.966666221618652,39.2349739074707,615.140380859375,38.59999847412109,8.100000381469727,30.499998092651367,27.983333587646484,16.233333587646484,347.0
Buceros bicornis,12.81544,99.367289,1,22.88333320617676,24.26666641235352,21.53333282470703,1386.0,241.0,9.0,72.09696197509766,656.0,35.0,287.0,94.0,8.199999809265137,63.56588363647461,106.05174255371094,29.200000762939453,16.299999237060547,12.900001525878906,22.76666641235352,21.733333587646484,944.0
Buceros bicornis,12.814811,99.368783,1,22.88333320617676,24.26666641235352,21.53333282470703,1386.0,241.0,9.0,72.09696197509766,656.0,35.0,287.0,94.0,8.199999809265137,63.56588363647461,106.05174255371094,29.200000762939453,16.299999237060547,12.900001525878906,22.76666641235352,21.733333587646484,944.0
Buceros bicornis,12.821162,99.366297,1,23.15416717529297,24.549999237060547,21.78333282470703,1346.0,236.0,9.0,72.49557495117188,642.0,34.0,277.0,92.0,8.241666793823242,63.39743423461914,107.41717529296876,29.5,16.5,13.0,23.03333282470703,21.96666717529297,880.0
Buceros bicornis,12.825168,99.365211,1,23.170833587646484,24.56666755676269,21.799999237060547,1341.0,236.0,8.0,72.8344955444336,641.0,32.0,276.0,90.0,8.258333206176758,63.52564239501953,107.7551727294922,29.5,16.5,13.0,23.049999237060547,21.983333587646484,877.0
Buceros bicornis,12.801251,99.447705,1,25.33333396911621,26.76666641235352,23.816665649414062,941.0,194.0,6.0,77.0947036743164,485.0,22.0,193.0,85.0,8.083333969116211,63.15103912353516,115.19417572021484,31.600000381469727,18.799999237060547,12.80000114440918,25.26666641235352,24.03333282470703,401.0
Buceros bicornis,29.427111,78.978516,1,23.8125,30.28333282470703,15.43333339691162,1624.0,474.0,7.0,121.67292022705078,1160.0,80.0,675.0,113.0,11.908333778381348,39.172149658203125,614.5772094726562,38.5,8.100000381469727,30.399999618530277,27.933334350585938,16.16666603088379,360.0
Buceros bicornis,29.44792,78.875946,1,23.941665649414062,30.51666641235352,15.43333339691162,1557.0,457.0,7.0,122.3770751953125,1119.0,78.0,640.0,110.0,12.166666030883787,39.374324798583984,623.4574584960938,38.79999923706055,7.900000095367432,30.899999618530277,28.11666679382324,16.200000762939453,319.0
Buceros bicornis,12.814407,99.50891,1,25.100000381469727,26.5,23.600000381469727,951.0,197.0,6.0,76.8667984008789,487.0,22.0,202.0,85.0,7.96666669845581,63.22751998901367,113.91783142089844,31.299999237060547,18.700000762939453,12.599998474121094,25.01666641235352,23.81666755676269,485.0
Buceros bicornis,12.814007,99.508302,1,25.3125,26.71666717529297,23.799999237060547,922.0,195.0,6.0,77.77932739257812,476.0,21.0,194.0,85.0,7.9583330154418945,63.16137313842773,114.23908233642578,31.5,18.899999618530277,12.600000381469728,25.233333587646484,24.03333282470703,429.0
Buceros bicornis,12.801088,99.491752,1,25.56666755676269,26.983333587646484,24.03333282470703,889.0,191.0,6.0,78.40670013427734,462.0,21.0,184.0,85.0,7.96666669845581,63.22751235961914,116.05902862548828,31.700000762939453,19.100000381469727,12.600000381469728,25.5,24.233333587646484,361.0
Buceros bicornis,12.814355,99.508873,1,25.100000381469727,26.5,23.600000381469727,951.0,197.0,6.0,76.8667984008789,487.0,22.0,202.0,85.0,7.96666669845581,63.22751998901367,113.91783142089844,31.299999237060547,18.700000762939453,12.599998474121094,25.01666641235352,23.81666755676269,485.0
Buceros bicornis,14.464303,101.370687,1,23.17916679382324,25.01666641235352,20.450000762939453,1109.0,231.0,2.0,76.98946380615234,543.0,27.0,346.0,41.0,9.858333587646484,57.315895080566406,187.37974548339844,30.799999237060547,13.600000381469728,17.19999885559082,23.649999618530277,20.733333587646484,806.0
Buceros bicornis,14.513067,101.374802,1,24.85416603088379,26.816665649414062,21.950000762939453,1180.0,243.0,4.0,77.20455169677734,586.0,30.0,357.0,48.0,10.008333206176758,56.865535736083984,198.9798583984375,32.599998474121094,15.0,17.599998474121094,25.299999237060547,22.28333282470703,432.0
Buceros bicornis,12.81601,99.372078,1,22.88333320617676,24.26666641235352,21.53333282470703,1386.0,241.0,9.0,72.09696197509766,656.0,35.0,287.0,94.0,8.199999809265137,63.56588363647461,106.05174255371094,29.200000762939453,16.299999237060547,12.900001525878906,22.76666641235352,21.733333587646484,944.0
Buceros bicornis,14.464486,101.370346,1,23.17916679382324,25.01666641235352,20.450000762939453,1109.0,231.0,2.0,76.98946380615234,543.0,27.0,346.0,41.0,9.858333587646484,57.315895080566406,187.37974548339844,30.799999237060547,13.600000381469728,17.19999885559082,23.649999618530277,20.733333587646484,806.0
Buceros bicornis,12.928494,99.269176,1,24.75833320617676,26.200000762939453,23.38333320617676,1110.0,208.0,4.0,77.68765258789062,557.0,19.0,212.0,75.0,8.166666984558105,62.82051467895508,110.26481628417967,31.200000762939453,18.200000762939453,13.0,24.66666603088379,23.51666641235352,487.0
Buceros bicornis,10.573302,76.630287,1,27.075000762939453,29.316665649414062,25.78333282470703,2340.0,612.0,4.0,97.2397918701172,1408.0,51.0,311.0,1138.0,8.133334159851074,62.56410598754883,148.9127197265625,34.70000076293945,21.700000762939453,13.0,25.816665649414062,27.933334350585938,117.0
Buceros bicornis,12.807783,99.657022,1,27.483333587646484,28.983333587646484,25.850000381469727,814.0,192.0,6.0,82.32614135742188,429.0,20.0,160.0,95.0,8.65000057220459,63.1386947631836,122.86971282958984,34.099998474121094,20.399999618530277,13.69999885559082,27.33333396911621,26.183334350585938,66.0
Buceros bicornis,11.337474,107.047449,1,25.83333396911621,27.28333282470703,24.100000381469727,2396.0,435.0,10.0,79.63656616210938,1192.0,59.0,657.0,65.0,6.9166669845581055,60.67251968383789,126.7663116455078,31.600000381469727,20.200000762939453,11.399999618530272,26.25,24.91666603088379,75.0
Buceros bicornis,12.922888,99.431895,1,25.420833587646484,26.850000381469727,23.91666603088379,913.0,191.0,5.0,79.51309204101562,475.0,18.0,184.0,80.0,8.174999237060547,62.40458679199219,114.8607406616211,31.799999237060547,18.700000762939453,13.099998474121094,25.33333396911621,24.13333320617676,398.0
Buceros bicornis,12.866754,99.448589,1,25.504165649414062,26.91666603088379,23.983333587646484,901.0,191.0,5.0,79.27494049072266,470.0,19.0,182.0,82.0,8.091666221618652,62.72610092163086,115.37406158447266,31.799999237060547,18.899999618530277,12.899999618530272,25.433334350585938,24.200000762939453,367.0
Buceros bicornis,28.573257,81.280106,1,24.370832443237305,30.049999237060547,16.41666603088379,1898.0,575.0,4.0,127.74767303466795,1369.0,51.0,924.0,77.0,11.22499942779541,40.08928298950195,567.1357421875,37.5,9.5,28.0,28.28333282470703,17.299999237060547,208.0
Buceros bicornis,12.934807,99.792454,1,27.920833587646484,29.416667938232425,26.25,846.0,202.0,5.0,83.8853530883789,446.0,20.0,157.0,98.0,8.641666412353516,62.62077713012695,124.70797729492188,34.5,20.700000762939453,13.799999237060549,27.78333282470703,26.61666679382324,35.0
Buceros bicornis,12.88805,99.653046,1,27.295833587646484,28.76666641235352,25.71666717529297,801.0,193.0,4.0,85.16612243652344,430.0,15.0,154.0,89.0,8.074999809265137,61.64122009277344,120.21680450439452,33.70000076293945,20.600000381469727,13.100000381469728,27.16666603088379,25.983333587646484,64.0
Buceros bicornis,3.3263,101.812298,1,23.13333320617676,23.71666717529297,22.450000762939453,2515.0,312.0,124.0,28.27086639404297,847.0,408.0,612.0,636.0,8.883333206176758,85.41667175292969,50.69218826293945,28.5,18.100000381469727,10.399999618530272,22.816665649414062,23.33333396911621,686.0
Buceros bicornis,27.201064,90.703843,1,18.387500762939453,22.96666717529297,12.483333587646484,1266.0,268.0,11.0,82.63638305664062,679.0,44.0,679.0,57.0,8.824999809265137,43.25980758666992,431.993896484375,27.299999237060547,6.900000095367432,20.399999618530277,22.96666717529297,13.383333206176758,1460.0
Buceros bicornis,6.398126,99.720032,1,26.61666679382324,27.33333396911621,26.08333396911621,2392.0,390.0,35.0,61.10805130004883,1015.0,136.0,265.0,645.0,8.016666412353516,77.08332061767578,53.01515579223633,32.400001525878906,22.0,10.400001525878906,26.233333587646484,26.950000762939453,10.0
Buceros bicornis,15.010458,98.905286,1,23.47083282470703,25.51666641235352,21.299999237060547,1613.0,284.0,4.0,79.7205581665039,764.0,27.0,351.0,54.0,11.241666793823242,58.246978759765625,164.11549377441406,32.79999923706055,13.5,19.299999237060547,23.61666679382324,21.549999237060547,861.0
Buceros bicornis,14.27288,101.586336,1,24.475000381469727,26.16666603088379,21.96666717529297,1214.0,245.0,2.0,76.8108139038086,593.0,29.0,376.0,43.0,9.5,59.00620651245117,172.5148162841797,31.700000762939453,15.600000381469728,16.100000381469727,24.91666603088379,22.200000762939453,534.0
Buceros bicornis,12.853806,99.714995,1,27.566665649414062,29.083332061767575,25.899999618530277,807.0,195.0,5.0,84.64370727539062,430.0,17.0,156.0,92.0,8.383333206176758,62.56219482421875,124.6145477294922,34.099998474121094,20.700000762939453,13.39999771118164,27.433334350585938,26.233333587646484,50.0
Buceros bicornis,9.071938,98.658137,1,26.74166679382324,27.75,25.950000762939453,2410.0,372.0,24.0,64.13069915771484,1048.0,117.0,479.0,309.0,8.25,71.12068176269531,72.7334213256836,32.900001525878906,21.299999237060547,11.60000228881836,26.38333320617676,26.200000762939453,90.0
Buceros bicornis,18.173995,73.021159,1,27.149999618530277,29.06666755676269,25.41666603088379,3223.0,1129.0,0.0,149.43211364746094,2689.0,0.0,754.0,6.0,7.799999713897705,57.352935791015625,144.0012664794922,33.20000076293945,19.600000381469727,13.600000381469728,27.25,25.91666603088379,52.0
Buceros bicornis,12.94152,99.469503,1,26.691665649414062,28.16666603088379,25.13333320617676,803.0,185.0,4.0,84.39697265625,432.0,15.0,153.0,81.0,8.050000190734863,62.40310287475586,118.89325714111328,33.0,20.100000381469727,12.899999618530272,26.61666679382324,25.350000381469727,125.0
Buceros bicornis,13.417333,103.883459,1,27.287500381469727,29.21666717529297,24.96666717529297,1330.0,269.0,1.0,82.24214935302734,654.0,18.0,222.0,90.0,9.141666412353516,56.78054428100586,168.1871795654297,34.79999923706055,18.700000762939453,16.099998474121094,27.350000381469727,25.26666641235352,28.0
Buceros bicornis,26.012061,91.792211,1,22.495832443237305,26.450000762939453,16.683332443237305,2443.0,565.0,6.0,96.16529083251952,1454.0,37.0,1454.0,37.0,8.97499942779541,45.32828521728516,401.556396484375,29.899999618530277,10.100000381469728,19.799999237060547,26.450000762939453,16.683332443237305,339.0
Buceros bicornis,26.559704,92.856485,1,24.34166717529297,28.55000114440918,18.316665649414062,1843.0,363.0,8.0,88.68753814697266,1006.0,37.0,834.0,37.0,9.833333015441896,45.31489562988281,422.7552185058594,32.400001525878906,10.699999809265137,21.700000762939453,28.549999237060547,18.316665649414062,70.0
Buceros bicornis,9.589438,77.15861,1,22.108333587646484,23.86666679382324,20.566665649414062,2002.0,373.0,34.0,62.87356185913086,883.0,136.0,296.0,368.0,8.133333206176758,61.61616516113281,127.38333129882812,28.799999237060547,15.600000381469728,13.19999885559082,22.100000381469727,21.71666717529297,977.0
Buceros bicornis,10.113165,76.702196,1,27.34166717529297,29.183334350585938,26.433332443237305,3035.0,721.0,11.0,91.34609985351562,1772.0,82.0,453.0,1772.0,7.883333683013916,66.80790710449219,118.64450073242188,33.70000076293945,21.899999618530277,11.80000114440918,26.433332443237305,26.899999618530277,43.0
Buceros bicornis,6.383526,99.788185,1,26.41666603088379,27.149999618530277,25.899999618530277,2387.0,381.0,36.0,59.149112701416016,997.0,150.0,282.0,940.0,8.333333015441895,77.88162231445312,52.41152572631836,32.29999923706055,21.600000381469727,10.69999885559082,26.0,26.799999237060547,107.0
Buceros bicornis,8.9678,98.7039,1,26.100000381469727,27.11666679382324,25.28333282470703,2315.0,351.0,26.0,61.69109725952149,997.0,126.0,469.0,308.0,8.366666793823242,70.9039535522461,73.4537582397461,32.400001525878906,20.600000381469727,11.80000114440918,25.76666641235352,25.549999237060547,230.0
Buceros bicornis,14.445053,101.37687,1,23.262500762939453,25.100000381469727,20.549999237060547,1116.0,232.0,2.0,76.96825408935547,547.0,28.0,348.0,42.0,9.858333587646484,57.65107345581055,187.06005859375,30.799999237060547,13.699999809265137,17.099998474121094,23.75,20.799999237060547,779.0
Buceros bicornis,14.454094,101.359586,1,23.31666755676269,25.200000762939453,20.56666755676269,1115.0,233.0,2.0,77.04385375976562,547.0,28.0,347.0,42.0,9.833333015441896,57.1705436706543,190.00396728515625,30.899999618530277,13.699999809265137,17.200000762939453,23.78333282470703,20.81666755676269,757.0
Buceros bicornis,12.809719,99.504388,1,25.3125,26.71666717529297,23.799999237060547,922.0,195.0,6.0,77.77932739257812,476.0,21.0,194.0,85.0,7.9583330154418945,63.16137313842773,114.23908233642578,31.5,18.899999618530277,12.600000381469728,25.233333587646484,24.03333282470703,429.0
Buceros bicornis,12.982326,99.472495,1,26.6875,28.16666603088379,25.066665649414062,798.0,185.0,4.0,85.30484771728516,430.0,14.0,153.0,79.0,8.208333015441895,62.184349060058594,121.4706039428711,33.099998474121094,19.899999618530277,13.19999885559082,26.63333320617676,25.31666755676269,136.0
Buceros bicornis,12.806569,99.344093,1,23.92916679382324,25.333332061767575,22.53333282470703,1228.0,219.0,7.0,73.64710235595703,598.0,28.0,247.0,88.0,8.175000190734863,62.88461685180664,110.00946044921876,30.299999237060547,17.299999237060547,13.0,23.850000381469727,22.66666603088379,680.0
Buceros bicornis,18.142036,73.112138,1,26.837499618530277,28.933334350585938,24.916667938232425,3453.0,1240.0,0.0,151.1045379638672,2896.0,0.0,784.0,6.0,7.958333492279053,55.65267562866211,156.42489624023438,33.400001525878906,19.100000381469727,14.30000114440918,27.03333282470703,25.549999237060547,58.0
Buceros bicornis,26.961501,92.939797,1,23.174999237060547,27.549999237060547,17.200000762939453,2477.0,488.0,7.0,92.2449722290039,1413.0,52.0,1413.0,52.0,9.050000190734863,43.71981048583984,425.9454650878906,31.299999237060547,10.600000381469728,20.69999885559082,27.549999237060547,17.200000762939453,327.0
Buceros bicornis,12.389175,99.410584,1,24.950000762939453,26.26666641235352,23.600000381469727,1224.0,205.0,8.0,69.22541046142578,581.0,35.0,250.0,99.0,7.483333110809326,62.88515472412109,106.74949645996094,30.799999237060547,18.899999618530277,11.899999618530272,24.950000762939453,23.63333320617676,412.0
Buceros bicornis,24.583652,97.519477,1,19.76666641235352,23.450000762939453,14.100000381469728,1764.0,378.0,11.0,93.54498291015624,1045.0,45.0,1045.0,45.0,10.199999809265137,47.663551330566406,393.3673400878906,27.700000762939453,6.300000190734863,21.400001525878903,23.450000762939453,14.100000381469728,1044.0
Buceros bicornis,14.530976,101.334978,1,24.725000381469727,26.666667938232425,21.850000381469727,1165.0,241.0,3.0,77.40760040283203,578.0,29.0,354.0,46.0,9.899999618530272,56.89654541015625,197.35179138183597,32.400001525878906,15.0,17.400001525878906,25.183332443237305,22.16666603088379,457.0
Buceros bicornis,27.52102,84.040343,1,23.75833320617676,28.433332443237305,16.483333587646484,1901.0,545.0,5.0,120.07752990722656,1318.0,34.0,975.0,42.0,11.116666793823242,43.76640319824219,504.9384765625,34.79999923706055,9.399999618530272,25.399999618530277,28.13333320617676,17.366666793823242,281.0
Buceros bicornis,18.45412,73.194243,1,27.14583396911621,29.61666679382324,24.75,3835.0,1495.0,0.0,156.1667022705078,3222.0,0.0,747.0,3.0,8.958333015441895,53.965858459472656,186.4922332763672,34.70000076293945,18.100000381469727,16.600000381469727,27.600000381469727,25.549999237060547,19.0
Buceros bicornis,27.546713,84.325635,1,24.274999618530277,28.983333587646484,16.899999618530273,1920.0,526.0,5.0,121.98979949951172,1348.0,32.0,959.0,38.0,11.633333206176758,44.91634368896485,510.6301879882813,35.5,9.600000381469728,25.899999618530277,28.683334350585938,17.799999237060547,196.0
Buceros bicornis,29.220317,78.817119,1,24.40833282470703,31.25,15.59999942779541,1256.0,374.0,6.0,126.13556671142578,932.0,49.0,494.0,83.0,12.68333339691162,39.88469314575195,643.24755859375,39.70000076293945,7.900000095367432,31.80000114440918,28.75,27.649999618530277,230.0
Buceros bicornis,27.537522,84.362508,1,24.14166641235352,28.850000381469727,16.78333282470703,1893.0,512.0,5.0,121.92933654785156,1329.0,32.0,938.0,38.0,11.366666793823242,44.228275299072266,510.41796875,35.29999923706055,9.600000381469728,25.69999885559082,28.53333282470703,17.683334350585938,202.0
Buceros bicornis,12.837948,99.330533,1,24.20833396911621,25.600000381469727,22.799999237060547,1190.0,215.0,6.0,74.70964050292969,585.0,25.0,237.0,83.0,8.25,63.46154022216797,110.55301666259766,30.600000381469727,17.600000381469727,13.0,24.16666603088379,22.916667938232425,626.0
Buceros bicornis,6.38876,99.797207,1,25.39583396911621,26.11666679382324,24.86666679382324,2402.0,357.0,44.0,53.75241088867188,966.0,187.0,320.0,924.0,8.341666221618652,78.69497680664062,51.981544494628906,31.299999237060547,20.700000762939453,10.599998474121094,24.933334350585938,25.399999618530277,358.0
Buceros bicornis,26.476964,92.980947,1,24.27916717529297,28.683332443237305,18.049999237060547,1838.0,351.0,9.0,87.19432830810547,998.0,39.0,998.0,39.0,10.141666412353516,45.478328704833984,437.1626281738281,32.599998474121094,10.300000190734863,22.299999237060547,28.683332443237305,18.049999237060547,85.0
Buceros bicornis,12.876057,99.37363,1,22.82916641235352,24.21666717529297,21.450000762939453,1399.0,244.0,8.0,72.46627044677734,661.0,34.0,293.0,91.0,8.324999809265137,63.06818771362305,107.18416595458984,29.299999237060547,16.100000381469727,13.19999885559082,22.700000762939453,21.683334350585938,982.0
Buceros bicornis,14.596148,101.24106,1,25.45833396911621,27.350000381469727,22.733333587646484,1164.0,242.0,3.0,78.06562042236328,583.0,29.0,350.0,45.0,10.350000381469728,58.14606475830078,187.50555419921875,33.400001525878906,15.600000381469728,17.80000114440918,25.76666641235352,23.100000381469727,388.0
Buceros bicornis,14.454299,101.358445,1,23.31666755676269,25.200000762939453,20.56666755676269,1115.0,233.0,2.0,77.04385375976562,547.0,28.0,347.0,42.0,9.833333015441896,57.1705436706543,190.00396728515625,30.899999618530277,13.699999809265137,17.200000762939453,23.78333282470703,20.81666755676269,757.0
Buceros bicornis,14.591251,101.350396,1,25.174999237060547,27.083332061767575,22.350000381469727,1164.0,239.0,3.0,76.65110778808594,573.0,31.0,357.0,47.0,10.799999237060549,58.69565200805664,192.26519775390625,33.29999923706055,14.899999618530272,18.399999618530277,25.483333587646484,22.816665649414062,470.0
Buceros bicornis,27.00636,92.814716,1,23.887500762939453,28.28333282470703,17.83333396911621,2394.0,476.0,8.0,91.1989517211914,1331.0,51.0,1128.0,51.0,9.375,44.22169494628906,430.2120361328125,32.20000076293945,11.0,21.200000762939453,28.25,17.83333396911621,139.0
Buceros bicornis,14.495501,101.38556,1,24.65416717529297,26.600000381469727,21.75,1174.0,243.0,3.0,77.4444580078125,584.0,29.0,355.0,46.0,9.875,56.75287628173828,198.83132934570312,32.29999923706055,14.899999618530272,17.399999618530273,25.149999618530277,22.066665649414062,465.0
Buceros bicornis,26.632759,93.369148,1,24.125,28.683334350585938,17.700000762939453,2180.0,406.0,11.0,83.91928100585938,1120.0,57.0,1120.0,57.0,10.133333206176758,44.640235900878906,451.6006774902344,32.5,9.800000190734863,22.700000762939453,28.683334350585938,17.700000762939453,77.0
Buceros bicornis,26.638611,93.366638,1,24.10416603088379,28.649999618530277,17.700000762939453,2195.0,409.0,11.0,84.16400146484375,1131.0,57.0,1131.0,57.0,10.074999809265137,44.57964324951172,450.3658142089844,32.400001525878906,9.800000190734863,22.60000228881836,28.649999618530277,17.700000762939453,77.0
Buceros bicornis,26.604618,93.392311,1,24.120832443237305,28.66666603088379,17.733333587646484,2138.0,396.0,11.0,83.19967651367188,1090.0,57.0,1089.0,57.0,10.091667175292969,44.65339279174805,449.1327819824219,32.5,9.899999618530272,22.600000381469727,27.983333587646484,17.733333587646484,76.0
Buceros bicornis,26.636869,93.367363,1,24.100000381469727,28.649999618530277,17.683332443237305,2193.0,409.0,11.0,84.12669372558594,1129.0,57.0,1129.0,57.0,10.083333015441896,44.61651611328125,451.0089721679688,32.400001525878906,9.800000190734863,22.60000228881836,28.649999618530277,17.683332443237305,77.0
Buceros bicornis,26.633371,93.368415,1,24.100000381469727,28.649999618530277,17.683332443237305,2193.0,409.0,11.0,84.12669372558594,1129.0,57.0,1129.0,57.0,10.083333015441896,44.61651611328125,451.0089721679688,32.400001525878906,9.800000190734863,22.60000228881836,28.649999618530277,17.683332443237305,77.0
Buceros bicornis,26.634707,93.368187,1,24.100000381469727,28.649999618530277,17.683332443237305,2193.0,409.0,11.0,84.12669372558594,1129.0,57.0,1129.0,57.0,10.083333015441896,44.61651611328125,451.0089721679688,32.400001525878906,9.800000190734863,22.60000228881836,28.649999618530277,17.683332443237305,77.0
Buceros bicornis,26.626108,93.372902,1,24.125,28.683334350585938,17.700000762939453,2180.0,406.0,11.0,83.91928100585938,1120.0,57.0,1120.0,57.0,10.133333206176758,44.640235900878906,451.6006774902344,32.5,9.800000190734863,22.700000762939453,28.683334350585938,17.700000762939453,77.0
Buceros bicornis,26.632759,93.369148,1,24.125,28.683334350585938,17.700000762939453,2180.0,406.0,11.0,83.91928100585938,1120.0,57.0,1120.0,57.0,10.133333206176758,44.640235900878906,451.6006774902344,32.5,9.800000190734863,22.700000762939453,28.683334350585938,17.700000762939453,77.0
Buceros bicornis,26.976148,91.19568,1,22.808332443237305,26.933332443237305,17.266666412353516,3071.0,706.0,8.0,99.31500244140624,1838.0,37.0,1838.0,52.0,9.416666984558104,46.16012954711914,397.3825378417969,31.200000762939453,10.800000190734863,20.400001525878903,26.933332443237305,18.28333282470703,272.0
Buceros bicornis,26.633371,93.368415,1,24.100000381469727,28.649999618530277,17.683332443237305,2193.0,409.0,11.0,84.12669372558594,1129.0,57.0,1129.0,57.0,10.083333015441896,44.61651611328125,451.0089721679688,32.400001525878906,9.800000190734863,22.60000228881836,28.649999618530277,17.683332443237305,77.0
Buceros bicornis,26.626108,93.372902,1,24.125,28.683334350585938,17.700000762939453,2180.0,406.0,11.0,83.91928100585938,1120.0,57.0,1120.0,57.0,10.133333206176758,44.640235900878906,451.6006774902344,32.5,9.800000190734863,22.700000762939453,28.683334350585938,17.700000762939453,77.0
Buceros bicornis,14.297703,101.425365,1,25.04166603088379,26.700000762939453,22.649999618530277,1239.0,253.0,3.0,78.08512115478516,617.0,28.0,373.0,45.0,9.633333206176758,59.46502304077149,166.96261596679688,32.29999923706055,16.100000381469727,16.19999885559082,25.46666717529297,22.799999237060547,416.0
Buceros bicornis,12.796061,99.591106,1,26.608333587646484,28.03333282470703,25.049999237060547,810.0,189.0,5.0,82.30333709716797,429.0,17.0,168.0,86.0,8.316666603088379,63.97434616088867,116.6937255859375,32.900001525878906,19.899999618530277,13.000001907348633,26.5,25.33333396911621,213.0
Buceros bicornis,24.510271,97.563215,1,20.79166603088379,24.46666717529297,14.983333587646484,1711.0,381.0,10.0,96.52642059326172,1041.0,40.0,1041.0,40.0,10.43333339691162,47.64079284667969,400.3171081542969,28.899999618530277,7.0,21.899999618530277,24.46666717529297,14.983333587646484,751.0
Buceros bicornis,29.569489,78.813233,1,22.89583396911621,29.26666641235352,14.699999809265137,1716.0,496.0,8.0,119.22107696533205,1209.0,91.0,716.0,128.0,11.30833339691162,38.9942512512207,602.0927734375,36.900001525878906,7.900000095367432,29.000001907348636,27.08333396911621,15.516666412353516,499.0
Buceros bicornis,13.204728,101.107951,1,27.19166755676269,28.56666755676269,25.566665649414062,1249.0,251.0,8.0,76.9576416015625,611.0,46.0,374.0,80.0,8.316666603088379,63.00505065917969,119.88317108154295,33.0,19.799999237060547,13.200000762939451,27.149999618530277,25.816665649414062,145.0
Buceros bicornis,14.429626,101.499051,1,22.16666603088379,23.96666717529297,19.56666755676269,1120.0,227.0,2.0,74.95331573486328,533.0,31.0,359.0,43.0,9.833333969116213,58.18540573120117,179.1309051513672,29.700000762939453,12.800000190734863,16.900001525878906,22.549999237060547,19.86666679382324,1042.0
Buceros bicornis,10.519996,76.659325,1,21.47083282470703,23.25,20.433334350585938,2943.0,804.0,15.0,100.783447265625,1838.0,69.0,289.0,254.0,8.108333587646484,62.37179946899414,115.1374053955078,28.299999237060547,15.300000190734863,12.999999046325684,20.88333320617676,21.600000381469727,1031.0
Buceros bicornis,10.467933,76.687384,1,22.09166717529297,23.96666717529297,20.950000762939453,2835.0,773.0,14.0,100.04691314697266,1762.0,67.0,292.0,249.0,8.050000190734863,61.450382232666016,122.24850463867188,28.899999618530277,15.800000190734863,13.09999942779541,21.5,22.16666603088379,877.0
Buceros bicornis,27.330057,95.659656,1,23.10416603088379,27.733333587646484,16.816665649414062,2534.0,510.0,20.0,80.24427032470703,1325.0,89.0,1325.0,113.0,9.608333587646484,42.89434814453125,450.78948974609375,31.5,9.100000381469728,22.399999618530277,27.733333587646484,17.96666717529297,144.0
Buceros bicornis,10.30653,76.848195,1,21.94583320617676,23.66666603088379,20.83333396911621,2528.0,646.0,19.0,91.67088317871094,1477.0,79.0,282.0,276.0,8.175000190734863,62.884613037109375,113.20653533935548,28.600000381469727,15.600000381469728,13.0,21.5,21.850000381469727,933.0
Buceros bicornis,12.980433,99.588294,1,26.88333320617676,28.316665649414062,25.350000381469727,793.0,189.0,4.0,85.88400268554688,427.0,14.0,153.0,84.0,7.949999332427978,62.109375,116.83968353271484,33.099998474121094,20.299999237060547,12.799999237060549,26.78333282470703,25.583332061767575,132.0
Buceros bicornis,27.070613,92.987589,1,21.27083396911621,25.799999237060547,15.216667175292969,2434.0,497.0,6.0,93.9910888671875,1426.0,50.0,1426.0,54.0,8.708333015441895,42.68790817260742,433.8802795410156,29.399999618530277,9.0,20.399999618530277,25.799999237060547,16.266666412353516,683.0
Buceros bicornis,27.10288,90.073272,1,22.69583320617676,26.733333587646484,17.149999618530273,2077.0,540.0,10.0,102.9249038696289,1323.0,38.0,1323.0,53.0,9.574999809265137,47.16748809814453,396.2291564941406,30.899999618530277,10.600000381469728,20.299999237060547,26.733333587646484,17.899999618530273,522.0
Buceros bicornis,1.334991,103.77819,1,26.86666679382324,27.333332061767575,26.26666641235352,2347.0,297.0,153.0,21.41717529296875,765.0,477.0,536.0,765.0,7.066667079925537,86.1788558959961,43.239994049072266,31.0,22.799999237060547,8.200000762939453,26.26666641235352,27.16666603088379,29.0
Buceros bicornis,12.888643,99.444996,1,25.399999618530277,26.799999237060547,23.899999618530277,915.0,193.0,5.0,79.13711547851562,476.0,19.0,186.0,81.0,8.100000381469727,62.79069137573242,113.75812530517578,31.700000762939453,18.799999237060547,12.900001525878906,25.31666755676269,24.11666679382324,397.0
Buceros bicornis,14.463791,101.371388,1,23.17916679382324,25.01666641235352,20.450000762939453,1109.0,231.0,2.0,76.98946380615234,543.0,27.0,346.0,41.0,9.858333587646484,57.315895080566406,187.37974548339844,30.799999237060547,13.600000381469728,17.19999885559082,23.649999618530277,20.733333587646484,806.0
Buceros bicornis,14.475564,101.383733,1,24.07083320617676,26.0,21.233333587646484,1140.0,237.0,2.0,77.36817932128906,564.0,28.0,350.0,43.0,9.758333206176758,56.734493255615234,195.1160430908203,31.700000762939453,14.5,17.200000762939453,24.53333282470703,21.53333282470703,591.0
Buceros bicornis,14.457768,101.349705,1,23.274999618530277,25.11666679382324,20.56666755676269,1119.0,233.0,2.0,76.78825378417969,547.0,28.0,349.0,43.0,9.850000381469728,57.60234069824219,187.2589111328125,30.799999237060547,13.699999809265137,17.099998474121094,23.76666641235352,20.799999237060547,760.0
Buceros bicornis,10.657828,104.165588,1,27.53333282470703,28.733333587646484,26.5,3038.0,563.0,20.0,79.13468170166016,1585.0,105.0,528.0,207.0,7.449999809265137,64.78260803222656,87.2908935546875,33.29999923706055,21.799999237060547,11.5,27.433332443237305,26.649999618530277,4.0
Buceros bicornis,10.780056,104.11995,1,26.25833320617676,27.53333282470703,25.11666679382324,2680.0,476.0,16.0,76.90718078613281,1358.0,80.0,498.0,175.0,7.100000381469727,62.280704498291016,96.19660186767578,32.0,20.600000381469727,11.399999618530272,26.25,25.149999618530277,202.0
Buceros bicornis,14.52629,101.328737,1,24.5625,26.51666641235352,21.66666603088379,1155.0,240.0,3.0,77.38041687011719,573.0,30.0,351.0,46.0,9.841666221618652,56.561302185058594,198.43850708007807,32.20000076293945,14.800000190734863,17.400001525878906,25.049999237060547,21.983333587646484,492.0
Buceros bicornis,29.713984,78.609193,1,22.558334350585938,29.11666679382324,14.18333339691162,1811.0,522.0,10.0,121.13414001464844,1290.0,97.0,752.0,133.0,11.516667366027832,38.64653015136719,617.26611328125,36.900001525878906,7.099999904632568,29.80000114440918,26.850000381469727,14.949999809265137,535.0
Buceros bicornis,14.535337,101.297687,1,24.59166717529297,26.51666641235352,21.75,1146.0,239.0,2.0,77.88959503173828,572.0,28.0,348.0,44.0,9.883333206176758,56.80076599121094,195.46951293945312,32.29999923706055,14.899999618530272,17.399999618530273,25.049999237060547,22.049999237060547,491.0
Buceros bicornis,14.3607,101.548418,1,23.045833587646484,24.86666679382324,20.350000381469727,1143.0,234.0,2.0,76.153564453125,554.0,28.0,360.0,42.0,9.675000190734863,57.93413162231445,185.53924560546875,30.5,13.800000190734863,16.700000762939453,23.51666641235352,20.61666679382324,803.0
Buceros bicornis,14.394066,101.563495,1,22.995832443237305,24.850000381469727,20.25,1138.0,232.0,2.0,75.67632293701172,549.0,29.0,359.0,43.0,9.72499942779541,57.20588302612305,188.9739990234375,30.600000381469727,13.600000381469728,17.0,23.450000762939453,20.53333282470703,815.0
Buceros bicornis,9.489398,77.077348,1,21.412500381469727,22.850000381469727,20.316665649414062,2391.0,478.0,39.0,67.43208312988281,1133.0,154.0,334.0,397.0,7.974999904632568,65.90908813476562,98.12156677246094,27.5,15.399999618530272,12.100000381469728,21.25,21.25,1137.0
Buceros bicornis,14.345313,101.383318,1,23.10416603088379,24.78333282470703,20.700000762939453,1153.0,235.0,2.0,75.7872085571289,559.0,31.0,361.0,46.0,9.591667175292969,59.20782470703125,167.59605407714844,30.299999237060547,14.100000381469728,16.19999885559082,23.53333282470703,20.88333320617676,832.0
Buceros bicornis,26.754364,93.301124,1,24.295833587646484,28.51666641235352,18.299999237060547,2406.0,453.0,11.0,86.61138916015625,1271.0,60.0,1271.0,60.0,10.125,46.02272415161133,421.3585205078125,32.20000076293945,10.199999809265137,22.0,28.51666641235352,18.299999237060547,74.0
Buceros bicornis,11.44305,104.812646,1,28.037500381469727,29.61666679382324,26.450000762939453,1281.0,243.0,10.0,70.90249633789062,591.0,54.0,254.0,166.0,7.875,61.52344131469727,124.66546630859376,34.5,21.700000762939453,12.799999237060549,27.799999237060547,27.76666641235352,14.0
Buceros bicornis,8.802362,98.589148,1,24.308332443237305,25.21666717529297,23.600000381469727,2748.0,428.0,34.0,64.05525970458984,1202.0,136.0,559.0,618.0,8.716667175292969,74.50141906738281,64.80155944824219,30.5,18.799999237060547,11.700000762939451,24.13333320617676,23.88333320617676,674.0
Buceros bicornis,10.031609,77.185088,1,20.42916679382324,22.066665649414062,18.950000762939453,1855.0,347.0,27.0,64.41633605957031,820.0,102.0,258.0,342.0,8.591667175292969,63.17401885986328,120.89549255371094,27.200000762939453,13.600000381469728,13.600000381469728,20.46666717529297,20.01666641235352,1259.0
Buceros bicornis,14.435235,101.369596,1,23.34166717529297,25.200000762939453,20.61666679382324,1124.0,233.0,2.0,76.8911361694336,551.0,28.0,350.0,42.0,9.866666793823242,57.36434173583984,187.86883544921875,30.899999618530277,13.699999809265137,17.200000762939453,23.83333396911621,20.86666679382324,754.0
Buceros bicornis,29.492398,79.064891,1,22.52083396911621,28.61666679382324,14.583333969116213,1793.0,513.0,8.0,115.7989501953125,1231.0,96.0,767.0,135.0,11.241666793823242,39.1695671081543,582.1178588867188,36.400001525878906,7.699999809265137,28.700000762939453,26.5,15.300000190734863,629.0
Buceros bicornis,12.808297,99.501198,1,25.237499237060547,26.63333320617676,23.71666717529297,932.0,195.0,6.0,77.11080932617188,479.0,22.0,196.0,85.0,7.974999904632568,63.29364776611328,114.17938232421876,31.399999618530277,18.799999237060547,12.600000381469728,25.183332443237305,23.933332443237305,445.0
Buceros bicornis,12.802006,99.447174,1,25.33333396911621,26.76666641235352,23.816665649414062,941.0,194.0,6.0,77.0947036743164,485.0,22.0,193.0,85.0,8.083333969116211,63.15103912353516,115.19417572021484,31.600000381469727,18.799999237060547,12.80000114440918,25.26666641235352,24.03333282470703,401.0
Buceros bicornis,12.822482,99.36438,1,23.15416717529297,24.549999237060547,21.78333282470703,1346.0,236.0,9.0,72.49557495117188,642.0,34.0,277.0,92.0,8.241666793823242,63.39743423461914,107.41717529296876,29.5,16.5,13.0,23.03333282470703,21.96666717529297,880.0
Buceros bicornis,8.998977,98.458496,1,26.55000114440918,27.483333587646484,25.850000381469727,3091.0,505.0,28.0,70.103515625,1403.0,113.0,608.0,300.0,8.883333206176758,72.22222137451172,66.22965240478516,32.900001525878906,20.600000381469727,12.30000114440918,26.399999618530277,26.05000114440918,119.0
Buceros bicornis,12.798415,99.455399,1,25.45833396911621,26.86666679382324,23.933334350585938,922.0,193.0,5.0,78.06050109863281,478.0,19.0,190.0,82.0,8.116666793823242,63.41145324707031,115.16456604003906,31.700000762939453,18.899999618530277,12.80000114440918,25.416667938232425,24.13333320617676,376.0
Buceros bicornis,12.810798,99.505043,1,25.3125,26.71666717529297,23.799999237060547,922.0,195.0,6.0,77.77932739257812,476.0,21.0,194.0,85.0,7.9583330154418945,63.16137313842773,114.23908233642578,31.5,18.899999618530277,12.600000381469728,25.233333587646484,24.03333282470703,429.0
Buceros bicornis,12.820032,99.371002,1,23.11666679382324,24.5,21.75,1346.0,236.0,9.0,72.34364318847656,642.0,34.0,278.0,93.0,8.166666030883789,63.3074951171875,106.96926879882812,29.399999618530277,16.5,12.899999618530272,23.0,21.933332443237305,886.0
Buceros bicornis,12.801997,99.492775,1,25.56666755676269,26.983333587646484,24.03333282470703,889.0,191.0,6.0,78.40670013427734,462.0,21.0,184.0,85.0,7.96666669845581,63.22751235961914,116.05902862548828,31.700000762939453,19.100000381469727,12.600000381469728,25.5,24.233333587646484,361.0
Buceros bicornis,12.806942,99.498749,1,25.56666755676269,26.983333587646484,24.03333282470703,889.0,191.0,6.0,78.40670013427734,462.0,21.0,184.0,85.0,7.96666669845581,63.22751235961914,116.05902862548828,31.700000762939453,19.100000381469727,12.600000381469728,25.5,24.233333587646484,361.0
Buceros bicornis,12.806897,99.498703,1,25.56666755676269,26.983333587646484,24.03333282470703,889.0,191.0,6.0,78.40670013427734,462.0,21.0,184.0,85.0,7.96666669845581,63.22751235961914,116.05902862548828,31.700000762939453,19.100000381469727,12.600000381469728,25.5,24.233333587646484,361.0
Buceros bicornis,16.100893,99.109909,1,21.59583282470703,23.683332443237305,19.03333282470703,1329.0,237.0,5.0,78.44537353515625,628.0,27.0,305.0,54.0,11.091667175292969,56.30287551879883,186.01634216308597,30.899999618530277,11.199999809265137,19.700000762939453,21.916667938232425,19.233333587646484,1202.0
Buceros bicornis,12.810431,99.504791,1,25.3125,26.71666717529297,23.799999237060547,922.0,195.0,6.0,77.77932739257812,476.0,21.0,194.0,85.0,7.9583330154418945,63.16137313842773,114.23908233642578,31.5,18.899999618530277,12.600000381469728,25.233333587646484,24.03333282470703,429.0
Buceros bicornis,12.801642,99.483635,1,25.63333320617676,27.03333282470703,24.100000381469727,883.0,191.0,5.0,79.23403930664062,462.0,19.0,183.0,83.0,8.016666412353516,63.12336349487305,115.39130401611328,31.799999237060547,19.100000381469727,12.69999885559082,25.566665649414062,24.31666755676269,343.0
Buceros bicornis,26.594022,93.448824,1,24.045833587646484,28.58333396911621,17.700000762939453,2116.0,390.0,11.0,82.56866455078125,1076.0,57.0,1069.0,57.0,9.991666793823242,44.60565185546875,446.9617614746094,32.400001525878906,10.0,22.400001525878903,27.899999618530277,17.700000762939453,83.0
Buceros bicornis,26.640105,93.343777,1,24.100000381469727,28.649999618530277,17.683332443237305,2199.0,411.0,11.0,84.35867309570312,1136.0,57.0,1136.0,57.0,10.050000190734863,44.469024658203125,451.1349487304688,32.400001525878906,9.800000190734863,22.60000228881836,28.649999618530277,17.683332443237305,79.0
Buceros bicornis,11.576156,104.923039,1,28.25833320617676,29.733333587646484,26.850000381469727,1364.0,257.0,7.0,74.0418930053711,640.0,45.0,244.0,160.0,7.749999523162842,63.00813293457031,116.40119171142578,34.5,22.200000762939453,12.299999237060549,28.11666679382324,27.816665649414062,17.0
Buceros bicornis,14.383349,101.384499,1,23.35416603088379,25.16666603088379,20.700000762939453,1137.0,235.0,2.0,76.86792755126953,557.0,28.0,354.0,42.0,9.758333206176758,57.74161529541016,183.18467712402344,30.799999237060547,13.899999618530272,16.899999618530273,23.850000381469727,20.933334350585938,737.0
Buceros bicornis,14.365527,101.406975,1,21.683334350585938,23.333332061767575,19.299999237060547,1131.0,227.0,2.0,74.58586883544922,534.0,32.0,365.0,44.0,9.68333339691162,59.044715881347656,164.76336669921875,29.0,12.600000381469728,16.399999618530273,22.049999237060547,19.549999237060547,1176.0
Buceros bicornis,14.423037,101.388321,1,23.399999618530277,25.233333587646484,20.683332443237305,1132.0,234.0,2.0,76.73892974853516,554.0,28.0,352.0,43.0,9.833333015441896,57.50487518310547,187.56817626953125,30.899999618530277,13.800000190734863,17.099998474121094,23.88333320617676,20.91666603088379,735.0
Buceros bicornis,12.804119,99.438576,1,25.30416679382324,26.733333587646484,23.799999237060547,950.0,194.0,6.0,76.94615936279297,489.0,22.0,194.0,85.0,8.058333396911621,62.95572662353516,115.09795379638672,31.600000381469727,18.799999237060547,12.80000114440918,25.21666717529297,24.0,406.0
Buceros bicornis,12.804357,99.432083,1,25.14166641235352,26.549999237060547,23.666667938232425,977.0,196.0,6.0,76.41801452636719,500.0,22.0,199.0,86.0,8.016666412353516,63.12336349487305,112.89241027832033,31.399999618530277,18.700000762939453,12.69999885559082,25.049999237060547,23.86666679382324,441.0
Buceros bicornis,12.799167,99.454704,1,25.45833396911621,26.86666679382324,23.933334350585938,922.0,193.0,5.0,78.06050109863281,478.0,19.0,190.0,82.0,8.116666793823242,63.41145324707031,115.16456604003906,31.700000762939453,18.899999618530277,12.80000114440918,25.416667938232425,24.13333320617676,376.0
Buceros bicornis,12.815387,99.367363,1,22.88333320617676,24.26666641235352,21.53333282470703,1386.0,241.0,9.0,72.09696197509766,656.0,35.0,287.0,94.0,8.199999809265137,63.56588363647461,106.05174255371094,29.200000762939453,16.299999237060547,12.900001525878906,22.76666641235352,21.733333587646484,944.0
Buceros bicornis,12.820488,99.370989,1,23.11666679382324,24.5,21.75,1346.0,236.0,9.0,72.34364318847656,642.0,34.0,278.0,93.0,8.166666030883789,63.3074951171875,106.96926879882812,29.399999618530277,16.5,12.899999618530272,23.0,21.933332443237305,886.0
Buceros bicornis,12.820488,99.370989,1,23.11666679382324,24.5,21.75,1346.0,236.0,9.0,72.34364318847656,642.0,34.0,278.0,93.0,8.166666030883789,63.3074951171875,106.96926879882812,29.399999618530277,16.5,12.899999618530272,23.0,21.933332443237305,886.0
Buceros bicornis,12.820488,99.370989,1,23.11666679382324,24.5,21.75,1346.0,236.0,9.0,72.34364318847656,642.0,34.0,278.0,93.0,8.166666030883789,63.3074951171875,106.96926879882812,29.399999618530277,16.5,12.899999618530272,23.0,21.933332443237305,886.0
Buceros bicornis,12.806743,99.498464,1,25.56666755676269,26.983333587646484,24.03333282470703,889.0,191.0,6.0,78.40670013427734,462.0,21.0,184.0,85.0,7.96666669845581,63.22751235961914,116.05902862548828,31.700000762939453,19.100000381469727,12.600000381469728,25.5,24.233333587646484,361.0
Buceros bicornis,12.806743,99.498464,1,25.56666755676269,26.983333587646484,24.03333282470703,889.0,191.0,6.0,78.40670013427734,462.0,21.0,184.0,85.0,7.96666669845581,63.22751235961914,116.05902862548828,31.700000762939453,19.100000381469727,12.600000381469728,25.5,24.233333587646484,361.0
Buceros bicornis,12.806743,99.498464,1,25.56666755676269,26.983333587646484,24.03333282470703,889.0,191.0,6.0,78.40670013427734,462.0,21.0,184.0,85.0,7.96666669845581,63.22751235961914,116.05902862548828,31.700000762939453,19.100000381469727,12.600000381469728,25.5,24.233333587646484,361.0
Buceros bicornis,12.806743,99.498464,1,25.56666755676269,26.983333587646484,24.03333282470703,889.0,191.0,6.0,78.40670013427734,462.0,21.0,184.0,85.0,7.96666669845581,63.22751235961914,116.05902862548828,31.700000762939453,19.100000381469727,12.600000381469728,25.5,24.233333587646484,361.0
Buceros bicornis,12.806743,99.498464,1,25.56666755676269,26.983333587646484,24.03333282470703,889.0,191.0,6.0,78.40670013427734,462.0,21.0,184.0,85.0,7.96666669845581,63.22751235961914,116.05902862548828,31.700000762939453,19.100000381469727,12.600000381469728,25.5,24.233333587646484,361.0
Buceros bicornis,12.806743,99.498464,1,25.56666755676269,26.983333587646484,24.03333282470703,889.0,191.0,6.0,78.40670013427734,462.0,21.0,184.0,85.0,7.96666669845581,63.22751235961914,116.05902862548828,31.700000762939453,19.100000381469727,12.600000381469728,25.5,24.233333587646484,361.0
Buceros bicornis,12.800788,99.491393,1,25.63333320617676,27.03333282470703,24.100000381469727,883.0,191.0,5.0,79.23403930664062,462.0,19.0,183.0,83.0,8.016666412353516,63.12336349487305,115.39130401611328,31.799999237060547,19.100000381469727,12.69999885559082,25.566665649414062,24.31666755676269,343.0
Buceros bicornis,12.800788,99.491393,1,25.63333320617676,27.03333282470703,24.100000381469727,883.0,191.0,5.0,79.23403930664062,462.0,19.0,183.0,83.0,8.016666412353516,63.12336349487305,115.39130401611328,31.799999237060547,19.100000381469727,12.69999885559082,25.566665649414062,24.31666755676269,343.0
Buceros bicornis,12.80333,99.441667,1,25.33333396911621,26.76666641235352,23.816665649414062,941.0,194.0,6.0,77.0947036743164,485.0,22.0,193.0,85.0,8.083333969116211,63.15103912353516,115.19417572021484,31.600000381469727,18.799999237060547,12.80000114440918,25.26666641235352,24.03333282470703,401.0
Buceros bicornis,12.80333,99.441667,1,25.33333396911621,26.76666641235352,23.816665649414062,941.0,194.0,6.0,77.0947036743164,485.0,22.0,193.0,85.0,8.083333969116211,63.15103912353516,115.19417572021484,31.600000381469727,18.799999237060547,12.80000114440918,25.26666641235352,24.03333282470703,401.0
Buceros bicornis,12.80333,99.441667,1,25.33333396911621,26.76666641235352,23.816665649414062,941.0,194.0,6.0,77.0947036743164,485.0,22.0,193.0,85.0,8.083333969116211,63.15103912353516,115.19417572021484,31.600000381469727,18.799999237060547,12.80000114440918,25.26666641235352,24.03333282470703,401.0
Buceros bicornis,14.382495,101.389772,1,23.27916717529297,25.049999237060547,20.666667938232425,1138.0,234.0,2.0,76.3106689453125,555.0,29.0,354.0,44.0,9.708333969116213,57.787696838378906,179.9300079345703,30.700000762939453,13.899999618530272,16.80000114440918,23.76666641235352,20.899999618530277,761.0
Buceros bicornis,14.376858,101.397011,1,22.99166679382324,24.75,20.399999618530277,1131.0,232.0,2.0,75.94514465332031,549.0,30.0,353.0,44.0,9.716666221618652,58.183631896972656,178.7053680419922,30.399999618530277,13.699999809265137,16.700000762939453,23.46666717529297,20.63333320617676,832.0
Buceros bicornis,14.376858,101.397011,1,22.99166679382324,24.75,20.399999618530277,1131.0,232.0,2.0,75.94514465332031,549.0,30.0,353.0,44.0,9.716666221618652,58.183631896972656,178.7053680419922,30.399999618530277,13.699999809265137,16.700000762939453,23.46666717529297,20.63333320617676,832.0
Buceros bicornis,14.376858,101.397011,1,22.99166679382324,24.75,20.399999618530277,1131.0,232.0,2.0,75.94514465332031,549.0,30.0,353.0,44.0,9.716666221618652,58.183631896972656,178.7053680419922,30.399999618530277,13.699999809265137,16.700000762939453,23.46666717529297,20.63333320617676,832.0
Buceros bicornis,14.473341,101.391653,1,23.39583396911621,25.28333282470703,20.63333320617676,1114.0,231.0,2.0,76.81360626220703,546.0,28.0,347.0,42.0,9.791666984558104,57.261207580566406,190.2684631347656,31.0,13.899999618530272,17.100000381469727,23.83333396911621,20.933332443237305,765.0
Buceros bicornis,14.473341,101.391653,1,23.39583396911621,25.28333282470703,20.63333320617676,1114.0,231.0,2.0,76.81360626220703,546.0,28.0,347.0,42.0,9.791666984558104,57.261207580566406,190.2684631347656,31.0,13.899999618530272,17.100000381469727,23.83333396911621,20.933332443237305,765.0
Buceros bicornis,14.473341,101.391653,1,23.39583396911621,25.28333282470703,20.63333320617676,1114.0,231.0,2.0,76.81360626220703,546.0,28.0,347.0,42.0,9.791666984558104,57.261207580566406,190.2684631347656,31.0,13.899999618530272,17.100000381469727,23.83333396911621,20.933332443237305,765.0
Buceros bicornis,14.465783,101.368876,1,23.17916679382324,25.01666641235352,20.450000762939453,1109.0,231.0,2.0,76.98946380615234,543.0,27.0,346.0,41.0,9.858333587646484,57.315895080566406,187.37974548339844,30.799999237060547,13.600000381469728,17.19999885559082,23.649999618530277,20.733333587646484,806.0
Buceros bicornis,14.465783,101.368876,1,23.17916679382324,25.01666641235352,20.450000762939453,1109.0,231.0,2.0,76.98946380615234,543.0,27.0,346.0,41.0,9.858333587646484,57.315895080566406,187.37974548339844,30.799999237060547,13.600000381469728,17.19999885559082,23.649999618530277,20.733333587646484,806.0
Buceros bicornis,14.465783,101.368876,1,23.17916679382324,25.01666641235352,20.450000762939453,1109.0,231.0,2.0,76.98946380615234,543.0,27.0,346.0,41.0,9.858333587646484,57.315895080566406,187.37974548339844,30.799999237060547,13.600000381469728,17.19999885559082,23.649999618530277,20.733333587646484,806.0
Buceros bicornis,14.438753,101.372041,1,23.34166717529297,25.200000762939453,20.61666679382324,1124.0,233.0,2.0,76.8911361694336,551.0,28.0,350.0,42.0,9.866666793823242,57.36434173583984,187.86883544921875,30.899999618530277,13.699999809265137,17.200000762939453,23.83333396911621,20.86666679382324,754.0
Buceros bicornis,14.438753,101.372041,1,23.34166717529297,25.200000762939453,20.61666679382324,1124.0,233.0,2.0,76.8911361694336,551.0,28.0,350.0,42.0,9.866666793823242,57.36434173583984,187.86883544921875,30.899999618530277,13.699999809265137,17.200000762939453,23.83333396911621,20.86666679382324,754.0
Buceros bicornis,14.438753,101.372041,1,23.34166717529297,25.200000762939453,20.61666679382324,1124.0,233.0,2.0,76.8911361694336,551.0,28.0,350.0,42.0,9.866666793823242,57.36434173583984,187.86883544921875,30.899999618530277,13.699999809265137,17.200000762939453,23.83333396911621,20.86666679382324,754.0
Buceros bicornis,14.382126,101.390739,1,23.27916717529297,25.049999237060547,20.666667938232425,1138.0,234.0,2.0,76.3106689453125,555.0,29.0,354.0,44.0,9.708333969116213,57.787696838378906,179.9300079345703,30.700000762939453,13.899999618530272,16.80000114440918,23.76666641235352,20.899999618530277,761.0
Buceros bicornis,14.375596,101.409569,1,21.887500762939453,23.600000381469727,19.41666603088379,1118.0,226.0,1.0,75.34971618652344,532.0,29.0,360.0,41.0,9.725000381469728,58.5843391418457,171.06784057617188,29.299999237060547,12.699999809265137,16.599998474121094,22.26666641235352,19.66666603088379,1119.0
Buceros bicornis,14.475307,101.384682,1,24.07083320617676,26.0,21.233333587646484,1140.0,237.0,2.0,77.36817932128906,564.0,28.0,350.0,43.0,9.758333206176758,56.734493255615234,195.1160430908203,31.700000762939453,14.5,17.200000762939453,24.53333282470703,21.53333282470703,591.0
Buceros bicornis,14.43961,101.371834,1,23.34166717529297,25.200000762939453,20.61666679382324,1124.0,233.0,2.0,76.8911361694336,551.0,28.0,350.0,42.0,9.866666793823242,57.36434173583984,187.86883544921875,30.899999618530277,13.699999809265137,17.200000762939453,23.83333396911621,20.86666679382324,754.0
Buceros bicornis,14.380652,101.394051,1,22.99166679382324,24.75,20.399999618530277,1131.0,232.0,2.0,75.94514465332031,549.0,30.0,353.0,44.0,9.716666221618652,58.183631896972656,178.7053680419922,30.399999618530277,13.699999809265137,16.700000762939453,23.46666717529297,20.63333320617676,832.0
Buceros bicornis,12.803497,99.442055,1,25.33333396911621,26.76666641235352,23.816665649414062,941.0,194.0,6.0,77.0947036743164,485.0,22.0,193.0,85.0,8.083333969116211,63.15103912353516,115.19417572021484,31.600000381469727,18.799999237060547,12.80000114440918,25.26666641235352,24.03333282470703,401.0
Buceros bicornis,14.377281,101.396812,1,22.99166679382324,24.75,20.399999618530277,1131.0,232.0,2.0,75.94514465332031,549.0,30.0,353.0,44.0,9.716666221618652,58.183631896972656,178.7053680419922,30.399999618530277,13.699999809265137,16.700000762939453,23.46666717529297,20.63333320617676,832.0
Buceros bicornis,14.377281,101.396812,1,22.99166679382324,24.75,20.399999618530277,1131.0,232.0,2.0,75.94514465332031,549.0,30.0,353.0,44.0,9.716666221618652,58.183631896972656,178.7053680419922,30.399999618530277,13.699999809265137,16.700000762939453,23.46666717529297,20.63333320617676,832.0
Buceros bicornis,14.43961,101.371834,1,23.34166717529297,25.200000762939453,20.61666679382324,1124.0,233.0,2.0,76.8911361694336,551.0,28.0,350.0,42.0,9.866666793823242,57.36434173583984,187.86883544921875,30.899999618530277,13.699999809265137,17.200000762939453,23.83333396911621,20.86666679382324,754.0
Buceros bicornis,14.475307,101.384682,1,24.07083320617676,26.0,21.233333587646484,1140.0,237.0,2.0,77.36817932128906,564.0,28.0,350.0,43.0,9.758333206176758,56.734493255615234,195.1160430908203,31.700000762939453,14.5,17.200000762939453,24.53333282470703,21.53333282470703,591.0
Buceros bicornis,14.380652,101.394051,1,22.99166679382324,24.75,20.399999618530277,1131.0,232.0,2.0,75.94514465332031,549.0,30.0,353.0,44.0,9.716666221618652,58.183631896972656,178.7053680419922,30.399999618530277,13.699999809265137,16.700000762939453,23.46666717529297,20.63333320617676,832.0
Buceros bicornis,14.382126,101.390739,1,23.27916717529297,25.049999237060547,20.666667938232425,1138.0,234.0,2.0,76.3106689453125,555.0,29.0,354.0,44.0,9.708333969116213,57.787696838378906,179.9300079345703,30.700000762939453,13.899999618530272,16.80000114440918,23.76666641235352,20.899999618530277,761.0
Buceros bicornis,14.375596,101.409569,1,21.887500762939453,23.600000381469727,19.41666603088379,1118.0,226.0,1.0,75.34971618652344,532.0,29.0,360.0,41.0,9.725000381469728,58.5843391418457,171.06784057617188,29.299999237060547,12.699999809265137,16.599998474121094,22.26666641235352,19.66666603088379,1119.0
Buceros bicornis,16.100893,99.109909,1,21.59583282470703,23.683332443237305,19.03333282470703,1329.0,237.0,5.0,78.44537353515625,628.0,27.0,305.0,54.0,11.091667175292969,56.30287551879883,186.01634216308597,30.899999618530277,11.199999809265137,19.700000762939453,21.916667938232425,19.233333587646484,1202.0
Buceros bicornis,12.798415,99.455399,1,25.45833396911621,26.86666679382324,23.933334350585938,922.0,193.0,5.0,78.06050109863281,478.0,19.0,190.0,82.0,8.116666793823242,63.41145324707031,115.16456604003906,31.700000762939453,18.899999618530277,12.80000114440918,25.416667938232425,24.13333320617676,376.0
Buceros bicornis,12.810798,99.505043,1,25.3125,26.71666717529297,23.799999237060547,922.0,195.0,6.0,77.77932739257812,476.0,21.0,194.0,85.0,7.9583330154418945,63.16137313842773,114.23908233642578,31.5,18.899999618530277,12.600000381469728,25.233333587646484,24.03333282470703,429.0
Buceros bicornis,12.822482,99.36438,1,23.15416717529297,24.549999237060547,21.78333282470703,1346.0,236.0,9.0,72.49557495117188,642.0,34.0,277.0,92.0,8.241666793823242,63.39743423461914,107.41717529296876,29.5,16.5,13.0,23.03333282470703,21.96666717529297,880.0
Buceros bicornis,12.802006,99.447174,1,25.33333396911621,26.76666641235352,23.816665649414062,941.0,194.0,6.0,77.0947036743164,485.0,22.0,193.0,85.0,8.083333969116211,63.15103912353516,115.19417572021484,31.600000381469727,18.799999237060547,12.80000114440918,25.26666641235352,24.03333282470703,401.0
Buceros bicornis,8.998791,98.458359,1,26.55000114440918,27.483333587646484,25.850000381469727,3091.0,505.0,28.0,70.103515625,1403.0,113.0,608.0,300.0,8.883333206176758,72.22222137451172,66.22965240478516,32.900001525878906,20.600000381469727,12.30000114440918,26.399999618530277,26.05000114440918,119.0
Buceros bicornis,8.998649,98.457878,1,26.537500381469727,27.483333587646484,25.850000381469727,3121.0,510.0,28.0,70.04192352294922,1418.0,115.0,615.0,669.0,8.958333015441895,72.24462890625,67.15402221679688,33.0,20.600000381469727,12.399999618530272,26.350000381469727,26.066665649414062,143.0
Buceros bicornis,12.799238,99.454483,1,25.45833396911621,26.86666679382324,23.933334350585938,922.0,193.0,5.0,78.06050109863281,478.0,19.0,190.0,82.0,8.116666793823242,63.41145324707031,115.16456604003906,31.700000762939453,18.899999618530277,12.80000114440918,25.416667938232425,24.13333320617676,376.0
Buceros bicornis,12.814417,99.370677,1,22.88333320617676,24.26666641235352,21.53333282470703,1386.0,241.0,9.0,72.09696197509766,656.0,35.0,287.0,94.0,8.199999809265137,63.56588363647461,106.05174255371094,29.200000762939453,16.299999237060547,12.900001525878906,22.76666641235352,21.733333587646484,944.0
Buceros bicornis,14.374061,101.409309,1,21.70416641235352,23.38333320617676,19.299999237060547,1128.0,227.0,2.0,74.67009735107422,532.0,31.0,365.0,44.0,9.708333969116213,58.83838653564453,166.61683654785156,29.100000381469727,12.600000381469728,16.5,22.066665649414062,19.549999237060547,1171.0
Buceros bicornis,14.423941,101.384537,1,23.399999618530277,25.233333587646484,20.683332443237305,1132.0,234.0,2.0,76.73892974853516,554.0,28.0,352.0,43.0,9.833333015441896,57.50487518310547,187.56817626953125,30.899999618530277,13.800000190734863,17.099998474121094,23.88333320617676,20.91666603088379,735.0
Buceros bicornis,12.799201,99.454531,1,25.45833396911621,26.86666679382324,23.933334350585938,922.0,193.0,5.0,78.06050109863281,478.0,19.0,190.0,82.0,8.116666793823242,63.41145324707031,115.16456604003906,31.700000762939453,18.899999618530277,12.80000114440918,25.416667938232425,24.13333320617676,376.0
Buceros bicornis,14.452239,101.36882,1,23.245832443237305,25.100000381469727,20.53333282470703,1112.0,232.0,2.0,76.98326873779297,545.0,28.0,346.0,42.0,9.858333587646484,57.65107345581055,187.28268432617188,30.799999237060547,13.699999809265137,17.099998474121094,23.700000762939453,20.78333282470703,782.0
Buceros bicornis,9.087421,98.578165,1,26.34166717529297,27.333332061767575,25.56666755676269,2672.0,423.0,25.0,67.13025665283203,1179.0,112.0,527.0,299.0,8.533332824707031,71.11111450195312,70.57660675048828,32.599998474121094,20.600000381469727,11.999998092651367,26.01666641235352,25.76666641235352,148.0
Buceros bicornis,12.801642,99.483635,1,25.63333320617676,27.03333282470703,24.100000381469727,883.0,191.0,5.0,79.23403930664062,462.0,19.0,183.0,83.0,8.016666412353516,63.12336349487305,115.39130401611328,31.799999237060547,19.100000381469727,12.69999885559082,25.566665649414062,24.31666755676269,343.0
Buceros bicornis,12.810431,99.504791,1,25.3125,26.71666717529297,23.799999237060547,922.0,195.0,6.0,77.77932739257812,476.0,21.0,194.0,85.0,7.9583330154418945,63.16137313842773,114.23908233642578,31.5,18.899999618530277,12.600000381469728,25.233333587646484,24.03333282470703,429.0
Buceros bicornis,12.814396,99.370471,1,22.88333320617676,24.26666641235352,21.53333282470703,1386.0,241.0,9.0,72.09696197509766,656.0,35.0,287.0,94.0,8.199999809265137,63.56588363647461,106.05174255371094,29.200000762939453,16.299999237060547,12.900001525878906,22.76666641235352,21.733333587646484,944.0
Buceros bicornis,12.799201,99.454531,1,25.45833396911621,26.86666679382324,23.933334350585938,922.0,193.0,5.0,78.06050109863281,478.0,19.0,190.0,82.0,8.116666793823242,63.41145324707031,115.16456604003906,31.700000762939453,18.899999618530277,12.80000114440918,25.416667938232425,24.13333320617676,376.0
Buceros bicornis,12.814417,99.370677,1,22.88333320617676,24.26666641235352,21.53333282470703,1386.0,241.0,9.0,72.09696197509766,656.0,35.0,287.0,94.0,8.199999809265137,63.56588363647461,106.05174255371094,29.200000762939453,16.299999237060547,12.900001525878906,22.76666641235352,21.733333587646484,944.0
Buceros bicornis,12.814396,99.370471,1,22.88333320617676,24.26666641235352,21.53333282470703,1386.0,241.0,9.0,72.09696197509766,656.0,35.0,287.0,94.0,8.199999809265137,63.56588363647461,106.05174255371094,29.200000762939453,16.299999237060547,12.900001525878906,22.76666641235352,21.733333587646484,944.0
